           1    -5.47674    -5.47674           0
           2    -5.46841    -5.47258  0.00416561
           3    -5.47249    -5.47255  0.00240518
           4    -5.46366    -5.47033  0.00279742
           5    -5.46994    -5.47025  0.00216828
           6     -5.4767    -5.47132  0.00207098
           7    -5.45592    -5.46912  0.00281139
           8    -5.45646    -5.46754   0.0029043
           9    -5.44778    -5.46534  0.00337366
          10    -5.45381    -5.46419  0.00323031
          11    -5.46422    -5.46419  0.00292193
          12    -5.46898    -5.46459  0.00269702
          13    -5.46157    -5.46436  0.00249176
          14    -5.47651    -5.46523  0.00246486
          15    -5.45892    -5.46481  0.00233285
          16    -5.48628    -5.46615  0.00256186
          17    -5.46592    -5.46614  0.00240649
          18    -5.46001     -5.4658  0.00229424
          19    -5.43796    -5.46433  0.00261834
          20    -5.47591    -5.46491  0.00255056
          21    -5.46163    -5.46475   0.0024311
          22    -5.46109    -5.46459  0.00232392
          23    -5.45592    -5.46421  0.00225235
          24    -5.45875    -5.46398  0.00216843
          25    -5.45334    -5.46356    0.002123
          26    -5.47512      -5.464  0.00208763
          27    -5.45604    -5.46371  0.00203035
          28    -5.46756    -5.46384  0.00196134
          29    -5.47435    -5.46421  0.00192683
          30    -5.48577    -5.46493  0.00199542
          31    -5.46663    -5.46498  0.00193076
          32    -5.44059    -5.46422  0.00201882
          33    -5.48613    -5.46488  0.00206627
          34    -5.46955    -5.46502  0.00200928
          35    -5.44734    -5.46451  0.00201537
          36    -5.46233    -5.46445  0.00195952
          37    -5.47555    -5.46475  0.00192929
          38    -5.46827    -5.46485   0.0018801
          39    -5.44527    -5.46434   0.0018988
          40    -5.45567    -5.46413   0.0018634
          41    -5.45849    -5.46399  0.00182257
          42    -5.47246    -5.46419  0.00179005
          43    -5.44501    -5.46375  0.00180395
          44    -5.45021    -5.46344  0.00178912
          45    -5.45693    -5.46329  0.00175488
          46    -5.44819    -5.46296  0.00174743
          47    -5.45405    -5.46277  0.00172033
          48    -5.45278    -5.46257  0.00169693
          49    -5.45858    -5.46249  0.00166393
          50    -5.44038    -5.46204  0.00168917
          51    -5.44597    -5.46173  0.00168544
          52    -5.46898    -5.46187  0.00165859
          53    -5.45799    -5.46179  0.00162864
          54    -5.45704    -5.46171  0.00160061
          55    -5.47604    -5.46197   0.0015927
          56    -5.47047    -5.46212  0.00157135
          57    -5.44686    -5.46185  0.00156657
          58    -5.48765     -5.4623  0.00160229
          59    -5.44692    -5.46204  0.00159632
          60     -5.4668    -5.46211   0.0015715
          61    -5.45046    -5.46192  0.00155728
          62    -5.46688      -5.462  0.00153404
          63     -5.4663    -5.46207  0.00151104
          64    -5.45556    -5.46197  0.00149071
          65    -5.47839    -5.46222  0.00148917
          66    -5.48187    -5.46252  0.00149634
          67    -5.46168    -5.46251  0.00147389
          68    -5.47237    -5.46265  0.00145929
          69    -5.47324    -5.46281  0.00144615
          70    -5.47178    -5.46293   0.0014311
          71    -5.48671    -5.46327  0.00145001
          72    -5.44899    -5.46307  0.00144341
          73    -5.46957    -5.46316  0.00142628
          74    -5.49239    -5.46356  0.00146127
          75    -5.47818    -5.46375  0.00145479
          76    -5.45663    -5.46366  0.00143857
          77     -5.4668     -5.4637  0.00142035
          78    -5.47451    -5.46384  0.00140886
          79    -5.46918     -5.4639  0.00139255
          80    -5.47632    -5.46406  0.00138377
          81     -5.4744    -5.46419  0.00137253
          82    -5.47163    -5.46428  0.00135872
          83    -5.47975    -5.46446  0.00135513
          84    -5.46164    -5.46443  0.00133932
          85    -5.45662    -5.46434  0.00132666
          86    -5.47371    -5.46445  0.00131566
          87    -5.46706    -5.46448  0.00130079
          88    -5.46238    -5.46445  0.00128615
          89    -5.47466    -5.46457  0.00127677
          90    -5.45854     -5.4645  0.00126428
          91    -5.45651    -5.46441  0.00125339
          92    -5.45936    -5.46436  0.00124091
          93    -5.44874    -5.46419  0.00123893
          94    -5.47477     -5.4643  0.00123084
          95    -5.46049    -5.46426  0.00121847
          96     -5.4715    -5.46434  0.00120807
          97    -5.46313    -5.46433  0.00119561
          98     -5.4357    -5.46403  0.00121886
          99    -5.48032     -5.4642  0.00121765
         100     -5.4696    -5.46425  0.00120662
