           1      1.3582      1.3582           0
           2     1.39244     1.37532   0.0171192
           3     1.38452     1.37839   0.0103489
           4     1.39749     1.38316  0.00873805
           5     1.34614     1.37576   0.0100312
           6     1.34351     1.37038  0.00979635
           7     1.45074     1.38186    0.014154
           8     1.44231     1.38942   0.0143992
           9     1.46561     1.39788   0.0152621
          10     1.44613     1.40271   0.0144782
          11     1.41139      1.4035   0.0131198
          12     1.36401     1.40021   0.0124205
          13     1.40673     1.40071   0.0114363
          14     1.33388     1.39593   0.0116143
          15     1.42898     1.39814   0.0110345
          16     1.25661     1.38929   0.0135935
          17     1.38443     1.38901   0.0127721
          18     1.37273      1.3881   0.0120755
          19     1.53573     1.39587   0.0138145
          20     1.34017     1.39309   0.0133983
          21      1.3931     1.39309   0.0127443
          22     1.39561      1.3932   0.0121518
          23     1.42521     1.39459   0.0116945
          24     1.42153     1.39572   0.0112528
          25     1.44522      1.3977   0.0109734
          26     1.33221     1.39518   0.0108396
          27      1.4444       1.397   0.0105885
          28     1.39693       1.397   0.0102033
          29     1.35578     1.39558  0.00994727
          30     1.27322      1.3915   0.0104396
          31     1.39858     1.39173   0.0100999
          32     1.55639     1.39687   0.0110503
          33     1.25582      1.3926   0.0115316
          34      1.3626     1.39172   0.0112221
          35     1.46665     1.39386   0.0111051
          36     1.43629     1.39504   0.0108563
          37      1.3432     1.39363   0.0106514
          38     1.40935     1.39405   0.0103756
          39     1.47965     1.39624   0.0103417
          40     1.40569     1.39648   0.0100826
          41     1.41173     1.39685  0.00984061
          42     1.35493     1.39585  0.00965517
          43     1.47038     1.39759  0.00958596
          44      1.4691     1.39921  0.00950553
          45     1.48284     1.40107  0.00947593
          46     1.50346      1.4033  0.00953121
          47      1.4285     1.40383  0.00934162
          48     1.43192     1.40442  0.00916363
          49     1.43914     1.40513   0.0090026
          50     1.52997     1.40762  0.00916728
          51     1.51931     1.40981  0.00924874
          52     1.37779      1.4092  0.00909002
          53     1.45646     1.41009  0.00896134
          54     1.41695     1.41022  0.00879474
          55     1.31648     1.40851  0.00879997
          56     1.35734      1.4076  0.00868958
          57     1.49029     1.40905  0.00865819
          58       1.291     1.40701  0.00874766
          59     1.49073     1.40843  0.00871442
          60     1.41561     1.40855  0.00856878
          61     1.46319     1.40945  0.00847461
          62     1.34397     1.40839  0.00840342
          63     1.39596     1.40819  0.00827131
          64     1.42994     1.40853  0.00814813
          65     1.31892     1.40715  0.00813941
          66     1.29061     1.40539  0.00820735
          67     1.41475     1.40553  0.00808513
          68     1.35212     1.40474  0.00800398
          69     1.37696     1.40434   0.0078974
          70     1.36275     1.40375   0.0078064
          71     1.28399     1.40206  0.00787833
          72     1.48819     1.40326   0.0078597
          73     1.37085     1.40281  0.00776399
          74     1.25717     1.40084  0.00790721
          75     1.31669     1.39972  0.00788135
          76     1.42992     1.40012   0.0077871
          77     1.37185     1.39975  0.00769407
          78     1.33288     1.39889  0.00764302
          79       1.376      1.3986  0.00755122
          80     1.34706     1.39796  0.00748401
          81     1.34845     1.39735  0.00741627
          82       1.345     1.39671  0.00735303
          83     1.30594     1.39562  0.00734576
          84      1.3829     1.39547  0.00725937
          85     1.45422     1.39616  0.00720668
          86     1.35246     1.39565  0.00714049
          87     1.36332     1.39528  0.00706771
          88     1.41763     1.39553  0.00699155
          89     1.34613     1.39498   0.0069348
          90     1.40149     1.39505  0.00685769
          91     1.40461     1.39515  0.00678273
          92     1.41414     1.39536  0.00671177
          93     1.48352     1.39631  0.00670654
          94     1.32509     1.39555  0.00667793
          95     1.41291     1.39573  0.00660979
          96      1.3875     1.39565  0.00654114
          97     1.42685     1.39597  0.00648134
          98     1.56359     1.39768  0.00663898
          99     1.27616     1.39645  0.00668523
         100     1.37032     1.39619  0.00662319
