           0           0           0
   0.0256496           0           0
   0.0512993           0           0
   0.0769489           0           0
    0.102599           0           0
    0.128248           0           0
    0.153898           0           0
    0.179547           0           0
    0.205197           0           0
    0.230847           0           0
    0.256496           0           0
    0.282146           0           0
    0.307796           0           0
    0.333445           0           0
    0.359095           0           0
    0.384745           0           0
    0.410394           0           0
    0.436044           0           0
    0.461694           0           0
    0.487343           0           0
    0.512993           0           0
    0.538642           0           0
    0.564292           0           0
    0.589942           0           0
    0.615591           0           0
    0.641241           0           0
    0.666891           0           0
     0.69254           0           0
     0.71819           0           0
     0.74384           0           0
    0.769489           0           0
    0.795139 1.46671e-05 1.12022e-05
    0.820788  0.00161552  0.00014048
    0.846438   0.0273402 0.000501978
    0.872088    0.183297  0.00219806
    0.897737    0.632451  0.00421038
    0.923387     1.33425  0.00490244
    0.949037     2.06991  0.00505605
    0.974686     2.58735  0.00577821
     1.00034     2.81347  0.00428665
     1.02599      2.8075  0.00362433
     1.05164     2.64732  0.00513284
     1.07728     2.41329  0.00432418
     1.10293     2.15719  0.00367119
     1.12858     1.91323  0.00387739
     1.15423     1.70209  0.00392272
     1.17988     1.51242  0.00425579
     1.20553     1.35084  0.00470086
     1.23118     1.22013  0.00287481
     1.25683     1.10952  0.00285119
     1.28248     1.01679  0.00166248
     1.30813    0.941135  0.00191329
     1.33378    0.882023  0.00175239
     1.35943     0.83181  0.00305889
     1.38508    0.793289  0.00119923
     1.41073    0.760507  0.00141801
     1.43638    0.741303  0.00214285
     1.46203    0.725197  0.00208849
     1.48768    0.717227  0.00165453
     1.51333    0.717415  0.00220539
     1.53898    0.721801  0.00170969
     1.56463    0.731436   0.0016838
     1.59028    0.747867  0.00183851
     1.61593    0.771215  0.00185559
     1.64158    0.796998  0.00140562
     1.66723    0.824856  0.00127344
     1.69288    0.864813  0.00190753
     1.71853    0.903754  0.00205957
     1.74418    0.945893  0.00169881
     1.76983    0.990753  0.00250987
     1.79547     1.03281  0.00248519
     1.82112     1.07617  0.00189477
     1.84677     1.11781   0.0018849
     1.87242     1.15786  0.00172249
     1.89807     1.18932  0.00146511
     1.92372     1.22347   0.0014454
     1.94937      1.2496   0.0015614
     1.97502     1.26814   0.0018095
     2.00067     1.27769   0.0015344
     2.02632     1.27654  0.00102837
     2.05197      1.2715   0.0015592
     2.07762     1.25497  0.00241623
     2.10327     1.23327  0.00200302
     2.12892     1.20709  0.00229515
     2.15457     1.17788   0.0022848
     2.18022      1.1449  0.00190537
     2.20587     1.11656  0.00218018
     2.23152     1.08615  0.00145674
     2.25717     1.05785  0.00128726
     2.28282     1.03184  0.00161242
     2.30847     1.00815  0.00156045
     2.33412    0.989332  0.00134941
     2.35977    0.973004  0.00151553
     2.38542    0.956907  0.00120733
     2.41107    0.948357 0.000950508
     2.43672    0.931184  0.00103229
     2.46237    0.921797  0.00116821
     2.48802    0.921947  0.00185739
     2.51366    0.911578  0.00130381
     2.53931    0.891918  0.00104871
