  1    -1.00454    -1.00454           0
  2   -0.999875    -1.00221  0.00164803
  3    -1.00184    -1.00208   0.0011033
  4    -1.00209    -1.00208 0.000827478
  5   -0.997163     -1.0011  0.00110135
  6    -1.00692    -1.00207  0.00127507
  7    -1.00257    -1.00214  0.00109494
  8    -1.00429    -1.00241 0.000990321
  9    -1.00433    -1.00262 0.000902958
 10    -1.00289    -1.00265 0.000813063
 11    -1.00716    -1.00306  0.00083619
 12    -1.00362    -1.00311 0.000767813
 13    -1.00638    -1.00336 0.000748827
 14    -1.00648    -1.00358 0.000727693
 15    -1.00521    -1.00369  0.00068721
 16    -1.00781    -1.00395 0.000690735
 17   -0.996273    -1.00349 0.000783834
 18     -1.0024    -1.00343 0.000742646
 19    -1.00407    -1.00347 0.000704303
 20    -1.00378    -1.00348 0.000669266
