  1      4.22678      4.22678           0
  2      15.4871      9.85693     3.98112
  3      20.6688      13.4609     3.96272
  4      14.1891       13.643     2.97622
  5      12.7919      13.4727     2.38584
  6      5.62331      12.1645      2.3193
  7      6.75927      11.3923     2.11261
  8      7.18034      10.8658     1.91302
  9      5.91394      10.3156     1.77782
 10      11.0281      10.3869     1.60147
 11       4.2146      9.82575     1.55107
 12      14.9431      10.2522     1.47927
 13      5.13088      9.85825     1.41697
 14      3.11209      9.37638     1.39529
 15      10.8996      9.47793     1.30596
 16      2.41719      9.03663     1.29675
 17      21.2391      9.75443     1.40516
 18      16.7977      10.1457      1.3805
 19      5.47605      9.89995     1.32954
 20      5.08517      9.65921     1.28467
