  1      0.25156      0.25156           0
  2     0.308358     0.279959   0.0200812
  3     0.290082     0.283333   0.0136681
  4      0.28214     0.283035   0.0102543
  5      0.33829     0.294086   0.0128452
  6     0.215722     0.281025   0.0160229
  7      0.28982     0.282282   0.0137831
  8     0.243242     0.277402   0.0128952
  9     0.250689     0.274434    0.011799
 10     0.284483     0.275439   0.0106618
 11     0.208499     0.269353   0.0112965
 12     0.269155     0.269337   0.0103552
 13     0.227471     0.266116   0.0100469
 14     0.216888       0.2626  0.00992554
 15     0.234359     0.260717  0.00944072
 16     0.203374     0.257133  0.00950664
 17     0.348618     0.262515   0.0103592
 18     0.276251     0.263278  0.00981176
 19     0.264723     0.263354  0.00929565
 20     0.257539     0.263063  0.00883541
