  1     0.931205     0.931205           0
  2     0.850805     0.891005   0.0284257
  3     0.829352     0.870454   0.0253118
  4     0.867023     0.869596   0.0189984
  5     0.852307     0.866138   0.0155102
  6     0.933744     0.877406   0.0165184
  7     0.905697     0.881448   0.0146448
  8     0.914119     0.885532   0.0133715
  9     0.920171      0.88938   0.0124273
 10     0.888048     0.889247   0.0111853
 11     0.939215      0.89379   0.0110524
 12     0.872488     0.892014   0.0102729
 13     0.929095     0.894867  0.00987076
 14     0.942696     0.898283    0.009739
 15     0.901276     0.898483  0.00909178
 16      0.95412      0.90196  0.00916443
 17     0.794303     0.895627   0.0105897
 18     0.852907     0.893254   0.0102639
 19     0.921428     0.894737  0.00983022
 20     0.921056     0.896053  0.00942638
