0.810174
0.814576
0.811125
0.799883
0.782426
0.761578
0.740834
0.7234
0.711573
0.706508
0.708302
0.716224
0.729132
0.745711
0.764588
0.784286
0.803075
0.818996
0.830089
0.834735
0.832006
0.821862
0.805172
0.783558
0.759255
0.734735
0.7124
0.694192
0.681335
0.674271
0.672674
0.675661
0.681933
0.690008
0.698406
0.705909
0.711807
0.716006
0.71896
0.721575
0.72487
0.729754
0.736856
0.746272
0.75758
0.769737
0.781287
0.790608
0.796133
0.796819
0.792293
0.782932
0.769903
0.754951
0.739892
0.726139
0.714476
0.705088
0.697925
0.693253
0.691631
0.693664
0.699457
0.708249
0.718704
0.729523
0.739914
0.749682
0.759015
0.76804
0.776572
0.784126
0.79005
0.793709
0.794774
0.793394
0.790167
0.786007
0.781985
0.779
0.777419
0.776858
0.776037
0.773201
0.767005
0.75764
0.747246
0.738633
0.733096
0.729597
0.72627
0.722075
0.717241
0.712601
0.708753
0.705747
0.703144
0.700468
0.69763
0.69517
0.694302
0.696427
0.702677
0.713375
0.727763
0.744314
0.761256
0.777049
0.790713
0.80179
0.809988
0.814848
0.815607
0.811361
0.80153
0.786178
0.766457
0.744644
0.724086
0.708511
0.700631
0.700476
0.705329
0.711591
0.716833
0.720426
0.723205
0.726485
0.731365
0.73821
0.746606
0.755731
0.764751
0.772768
0.778634
0.780876
0.778211
0.77046
0.758833
0.745663
0.73371
0.725466
0.722472
0.725019
0.73226
0.742655
0.754797
0.768005
0.782261
0.797587
0.813293
0.82774
0.838854
0.844888
0.844901
0.839008
0.828303
0.814406
0.79891
0.782818
0.766485
0.749953
0.733504
0.71792
0.704271
0.693572
0.686392
0.682658
0.681834
0.683161
0.685796
0.68903
0.692465
0.69603
0.699761
0.703585
0.707134
0.709749
0.710886
0.710498
0.709352
0.708909
0.710793
0.716183
0.725299
0.737396
0.751033
0.764579
0.776576
0.785973
0.792175
0.795082
0.794966
0.792213
0.787143
0.780077
0.771427
0.76187
0.752446
0.74437
0.738907
0.737083
0.739368
0.745451
0.754205
0.76394
0.772827
0.779383
0.782844
0.783276
0.781404
0.778076
0.773843
0.768664
0.76205
0.753541
0.743094
0.731388
0.719782
0.710128
0.704335
0.703923
0.709543
0.720652
0.735634
0.752079
0.767418
0.779376
0.786349
0.787506
0.782722
0.772459
0.757591
0.739193
0.718571
0.697284
0.677223
0.660698
0.650247
0.648244
0.656143
0.673799
0.699128
0.728705
0.758786
0.786254
0.80908
0.826285
0.837545
0.842709
0.841824
0.835248
0.8238
0.809007
0.792951
0.777891
0.765554
0.756569
0.750516
0.746303
0.74285
0.739206
0.734583
0.728548
0.72122
0.713328
0.705996
0.700486
0.697837
0.698586
0.702773
0.709942
0.719338
0.730073
0.741253
0.752127
0.762108
0.770977
0.778987
0.786744
0.794749
0.802906
0.810282
0.815163
0.815576
0.809974
0.797689
0.779149
0.755779
0.729788
0.703941
0.681211
0.664334
0.655416
0.655439
0.663848
0.67862
0.696714
0.714729
0.7297
0.7395
0.742905
0.739672
0.730452
0.716927
0.701731
0.688144
0.679289
0.677142
0.681954
0.692504
0.707131
0.724585
0.744022
0.764858
0.786189
0.806705
0.824812
0.839183
0.848953
0.85381
0.853899
0.849517
0.841096
0.82928
0.815016
0.799623
0.784563
0.771143
0.760075
0.751314
0.74382
0.735915
0.725906
0.71292
0.6976
0.682155
0.669859
0.664025
0.666925
0.678999
0.698634
0.722838
0.747919
0.77028
0.786937
0.795889
0.796197
0.788099
0.772838
0.752634
0.730611
0.710357
0.695368
0.68826
0.69013
0.700306
0.716693
0.736449
0.756825
0.775712
0.791986
0.8053
0.815639
0.822757
0.825757
0.823346
0.814591
0.799665
0.780226
0.7591
0.739406
0.723687
0.713345
0.708663
0.709135
0.713787
0.721333
0.730544
0.740415
0.750318
0.759788
0.768281
0.774947
0.778884
0.779378
0.776128
0.769403
0.759997
0.749254
0.738922
0.730901
0.726693
0.726831
0.730619
0.736369
0.742188
0.746722
0.74928
0.749669
0.74802
0.744561
0.739539
0.733252
0.726103
0.718753
0.712067
0.706999
0.704429
0.704973
0.708688
0.715114
0.723262
0.731914
0.739999
0.746856
0.752313
0.756625
0.76033
0.76414
0.768618
0.774029
0.779996
0.785605
0.7897
0.791176
0.789283
0.783783
0.774938
0.763496
0.750882
0.73941
0.732233
0.731841
0.73837
0.7491
0.760024
0.76768
0.769902
0.765955
0.756263
0.742312
0.726272
0.710716
0.698199
0.690846
0.690145
0.696745
0.710175
0.728842
0.750207
0.771377
0.789698
0.80308
0.81028
0.810932
0.805521
0.795363
0.782368
0.768757
0.756646
0.747588
0.742273
0.740602
0.741883
0.745086
0.749049
0.752721
0.755323
0.756347
0.755571
0.753087
0.749159
0.744007
0.737585
0.72956
0.719588
0.707661
0.694423
0.681316
0.670338
0.663571
0.662628
0.668101
0.67931
0.694623
0.711978
0.729328
0.74506
0.757993
0.767479
0.773303
0.775532
0.774501
0.770681
0.764773
0.757937
0.751846
0.748351
0.749054
0.754811
0.765449
0.779621
0.795078
0.80901
0.818707
0.822114
0.818193
0.807085
0.790194
0.770005
0.749777
0.733012
0.722665
0.720255
0.725426
0.735934
0.748524
0.760028
0.768282
0.772464
0.772664
0.769472
0.763472
0.755244
0.745504
0.735377
0.726312
0.719733
0.716414
0.716316
0.718795
0.722978
0.728058
0.733543
0.739123
0.744609
0.749809
0.754536
0.758722
0.762422
0.765825
0.769112
0.77231
0.775114
0.776902
0.776804
0.773932
0.767719
0.758231
0.746362
0.733706
0.722201
0.71363
0.709236
0.709321
0.713129
0.718929
0.724438
0.727439
0.72657
0.721778
0.714528
0.707376
0.702951
0.703107
0.708405
0.718279
0.731567
0.746922
0.763074
0.778909
0.793369
0.805208
0.81302
0.815425
0.811432
0.800937
0.785156
0.766832
0.749688
0.737316
0.731791
0.733305
0.740868
0.753187
0.768975
0.786774
0.804699
0.820609
0.832236
0.837568
0.835182
0.824532
0.806116
0.781412
0.752563
0.722138
0.692968
0.667965
0.649819
0.640674
0.641423
0.651385
0.668536
0.69027
0.714203
0.738409
0.761366
0.781579
0.7974
0.807317
0.810293
0.806014
0.795038
0.778858
0.759747
0.740639
0.724782
0.714985
0.712934
0.718763
0.731102
0.747543
0.765326
0.781832
0.795106
0.804142
0.808946
0.810413
0.809613
0.807187
0.802804
0.79546
0.78418
0.769073
0.751636
0.734348
0.719572
0.70843
0.700855
0.696448
0.695169
0.697282
0.702798
0.711001
0.720396
0.729326
0.736449
0.741097
0.743374
0.744049
0.7441
0.744288
0.744957
0.746129
0.747788
0.750134
0.753588
0.758541
0.765083
0.7729
0.781265
0.789164
0.795545
0.799465
0.800168
0.797199
0.790545
0.780615
0.768188
0.754352
0.740299
0.72717
0.715957
0.707572
0.703041
0.703535
0.710066
0.722725
0.739983
0.758944
0.776378
0.789805
0.797918
0.800521
0.798188
0.792012
0.78346
0.774192
0.765652
0.758572
0.752866
0.747949
0.74325
0.738456
0.73345
0.728195
0.722863
0.717841
0.713822
0.711575
0.711745
0.714567
0.719628
0.725965
0.732361
0.737731
0.741355
0.743039
0.743058
0.742197
0.741547
0.742096
0.74436
0.748003
0.752128
0.755912
0.759094
0.761958
0.765079
0.768735
0.772576
0.775689
0.777115
0.776387
0.773867
0.77078
0.768673
0.768657
0.770815
0.774404
0.778254
0.781455
0.783608
0.784864
0.785575
0.785891
0.785474
0.783434
0.778757
0.770817
0.760023
0.747749
0.736073
0.72679
0.720573
0.716897
0.714824
0.713912
0.714432
0.716855
0.72115
0.726627
0.732254
0.737236
0.741153
0.743805
0.744845
0.743927
0.740863
0.735973
0.730105
0.724319
0.719504
0.716074
0.713917
0.712655
0.711871
0.711293
0.710837
0.710979
0.713184
0.719865
0.733441
0.75464
0.781396
0.809553
0.834464
0.852216
0.860067
0.856352
0.840891
0.815291
0.782955
0.748646
0.717467
0.693838
0.680609
0.678545
0.686224
0.700643
0.718328
0.736308
0.752629
0.766285
0.776838
0.784112
0.787998
0.788502
0.785699
0.779862
0.771491
0.761437
0.750836
0.740953
0.732892
0.727285
0.72447
0.724633
0.728059
0.735105
0.745949
0.760319
0.777221
0.795002
0.811568
0.824706
0.832229
0.832462
0.824533
0.80862
0.786202
0.759961
0.733247
0.7094
0.690883
0.678756
0.672608
0.671165
0.673008
0.677192
0.683596
0.692772
0.705137
0.720442
0.737409
0.753841
0.767363
0.776161
0.77943
0.777406
0.771145
0.762088
0.75162
0.740752
0.730282
0.720939
0.713595
0.70917
0.708361
0.711279
0.71725
0.725041
0.733411
0.741596
0.749492
0.75743
0.765724
0.774287
0.782445
0.789167
0.79351
0.794888
0.793304
0.78912
0.782899
0.77515
0.766193
0.756318
0.745973
0.73606
0.727971
0.723144
0.722475
0.725836
0.732118
0.739608
0.746479
0.751248
0.753038
0.751698
0.747842
0.74272
0.737926
0.73487
0.734292
0.73599
0.739069
0.74246
0.745438
0.74775
0.749367
0.75033
0.750575
0.750143
0.749287
0.748431
0.748212
0.74914
0.751519
0.755321
0.760384
0.766381
0.772956
0.779635
0.78568
0.789967
0.791123
0.78788
0.779648
0.766905
0.751332
0.735414
0.72176
0.712442
0.708739
0.711004
0.718712
0.730593
0.744898
0.759621
0.772954
0.783497
0.790403
0.793345
0.792481
0.788346
0.781556
0.772672
0.762095
0.749976
0.73639
0.721443
0.705493
0.68924
0.673986
0.661528
0.653887
0.652747
0.658911
0.671756
0.689449
0.709592
0.729907
0.748592
0.764375
0.776457
0.784454
0.788564
0.789489
0.788313
0.786221
0.784135
0.782484
0.781126
0.77951
0.776943
0.772964
0.767604
0.761441
0.755402
0.750467
0.747398
0.746613
0.748227
0.751994
0.757389
0.763497
0.769259
0.773712
0.77615
0.776207
0.773994
0.770077
0.76529
0.760628
0.757022
0.755027
0.754705
0.755505
0.756405
0.756181
0.753818
0.748741
0.741035
0.731339
0.720822
0.710886
0.702951
0.698121
0.696944
0.699206
0.704165
0.710832
0.718254
0.725534
0.731865
0.736426
0.738424
