0.895643
0.8836
0.86497
0.842027
0.817968
0.796345
0.780229
0.771361
0.769447
0.772359
0.777079
0.781123
0.783541
0.784991
0.787065
0.791316
0.798513
0.80847
0.820279
0.832758
0.844748
0.855313
0.86387
0.870154
0.874327
0.876949
0.878883
0.880924
0.883343
0.885724
0.887107
0.886398
0.882763
0.87596
0.866423
0.855136
0.843305
0.832011
0.822016
0.813806
0.807602
0.803472
0.801444
0.801395
0.803104
0.806125
0.809709
0.812911
0.814742
0.814513
0.812078
0.807972
0.803491
0.800619
0.801615
0.808182
0.820464
0.836706
0.854163
0.870331
0.883398
0.892167
0.896018
0.894974
0.889616
0.881155
0.871261
0.861726
0.854076
0.848999
0.845993
0.843736
0.840548
0.835154
0.826965
0.816058
0.803055
0.788891
0.774813
0.762572
0.754507
0.753063
0.759343
0.771817
0.786727
0.799834
0.808143
0.81081
0.808888
0.804594
0.800354
0.798127
0.798952
0.802715
0.808454
0.814728
0.820186
0.824119
0.826657
0.828648
0.831307
0.835815
0.842904
0.852318
0.862698
0.872097
0.878937
0.882803
0.88448
0.885262
0.886136
0.887222
0.88776
0.886576
0.882684
0.875759
0.866251
0.855305
0.844423
0.8353
0.829589
0.828732
0.833472
0.843493
0.856971
0.870836
0.881708
0.886793
0.884611
0.874985
0.858724
0.837399
0.813146
0.788655
0.767096
0.751723
0.745158
0.748564
0.761544
0.782413
0.808565
0.836832
0.863804
0.886284
0.901868
0.909255
0.908457
0.900797
0.888476
0.874001
0.859297
0.845157
0.831232
0.816872
0.802186
0.788397
0.777533
0.771402
0.770556
0.774056
0.779921
0.785978
0.790513
0.792686
0.792471
0.790349
0.786952
0.783131
0.780037
0.779087
0.78175
0.789263
0.802364
0.821019
0.844122
0.869219
0.892754
0.911087
0.921442
0.922455
0.914302
0.898657
0.87828
0.856611
0.83699
0.821966
0.812937
0.809994
0.812145
0.817798
0.825078
0.832323
0.838397
0.842884
0.84601
0.848366
0.850433
0.852041
0.852364
0.850404
0.845491
0.837676
0.82785
0.817595
0.808741
0.802862
0.80068
0.801849
0.805287
0.809794
0.814544
0.81927
0.823991
0.828846
0.833904
0.839155
0.844537
0.849883
0.854812
0.858715
0.860781
0.860209
0.856565
0.849944
0.841068
0.83115
0.821512
0.813302
0.80726
0.803761
0.803103
0.805681
0.811979
0.822243
0.836057
0.852118
0.868253
0.881833
0.890477
0.892554
0.88748
0.875724
0.858782
0.838972
0.81917
0.802212
0.790053
0.783372
0.781867
0.784858
0.791617
0.801343
0.813097
0.8257
0.837818
0.8481
0.855374
0.858865
0.85843
0.854682
0.848915
0.84281
0.838062
0.835925
0.836817
0.840109
0.844416
0.847994
0.849372
0.847784
0.843327
0.836901
0.82996
0.82398
0.819868
0.81791
0.818057
0.820234
0.824278
0.829732
0.835567
0.840234
0.842061
0.839808
0.833049
0.82217
0.808302
0.793055
0.778467
0.766781
0.760123
0.76006
0.767122
0.780587
0.798741
0.819344
0.8402
0.859616
0.87642
0.889792
0.89917
0.904145
0.904558
0.900613
0.893009
0.882863
0.871596
0.860742
0.851751
0.84561
0.842555
0.842071
0.843147
0.844705
0.845972
0.846581
0.846496
0.845598
0.843449
0.839215
0.831933
0.821052
0.806783
0.790427
0.774288
0.761296
0.753854
0.752815
0.757031
0.763861
0.770379
0.77439
0.774798
0.771454
0.76496
0.756449
0.747532
0.740211
0.736614
0.738615
0.747447
0.763232
0.784823
0.810042
0.836132
0.86039
0.880679
0.895824
0.905589
0.91034
0.910752
0.907543
0.901154
0.891916
0.880411
0.867534
0.854372
0.841854
0.830495
0.820569
0.812379
0.806239
0.802322
0.800608
0.801113
0.803966
0.809302
0.817024
0.826465
0.836509
0.845814
0.853261
0.858127
0.860214
0.859828
0.857643
0.85451
0.851335
0.8489
0.847825
0.848419
0.850745
0.854583
0.859347
0.864235
0.868267
0.870385
0.869733
0.865826
0.858853
0.849864
0.840555
0.83262
0.827155
0.824412
0.824109
0.825859
0.829366
0.834283
0.83987
0.845008
0.848652
0.85016
0.849531
0.84705
0.842907
0.836887
0.82845
0.817251
0.803629
0.788892
0.775337
0.765688
0.762205
0.765818
0.775654
0.789292
0.803643
0.815926
0.824361
0.828275
0.828015
0.824489
0.818975
0.812819
0.807208
0.802944
0.800334
0.799346
0.799797
0.801769
0.805686
0.812113
0.821432
0.83354
0.847777
0.863115
0.87839
0.892395
0.904058
0.912454
0.916983
0.917418
0.913862
0.906435
0.895246
0.880645
0.863579
0.846198
0.831614
0.822981
0.821766
0.826914
0.835757
0.845793
0.855653
0.864848
0.873081
0.879672
0.883643
0.884074
0.880443
0.872986
0.862543
0.850246
0.837185
0.824069
0.811244
0.798962
0.787576
0.777796
0.770732
0.767758
0.770114
0.7782
0.791181
0.807111
0.823585
0.838423
0.849968
0.857125
0.859419
0.857131
0.851034
0.842201
0.831641
0.820052
0.808058
0.79662
0.787527
0.783027
0.784897
0.7934
0.807074
0.823348
0.839392
0.852639
0.861095
0.863677
0.860662
0.853857
0.846188
0.840831
0.840145
0.844906
0.854083
0.865386
0.876051
0.883484
0.885709
0.881581
0.870876
0.854167
0.832867
0.809128
0.785792
0.766094
0.753012
0.748399
0.752416
0.763578
0.779513
0.797932
0.817154
0.836171
0.85445
0.871641
0.887394
0.901244
0.912691
0.921157
0.926048
0.926811
0.923087
0.914865
0.90246
0.886576
0.868206
0.848615
0.829345
0.81221
0.798975
0.790853
0.788017
0.789565
0.793913
0.799536
0.805527
0.811883
0.818948
0.826335
0.83212
0.833538
0.828773
0.818251
0.804546
0.791309
0.782038
0.779175
0.783575
0.794349
0.809307
0.825904
0.841912
0.855804
0.866661
0.873845
0.876816
0.875023
0.868238
0.856827
0.842027
0.825902
0.811076
0.800252
0.795469
0.797452
0.805493
0.817833
0.832573
0.848206
0.86354
0.877452
0.888527
0.895169
0.896075
0.890667
0.879024
0.861653
0.839551
0.814571
0.789892
0.769552
0.757115
0.754168
0.759672
0.770562
0.783199
0.79477
0.804037
0.81129
0.817676
0.824565
0.833023
0.843646
0.856524
0.871156
0.886474
0.900938
0.912711
0.920028
0.921686
0.917249
0.907068
0.891987
0.873262
0.852492
0.831544
0.812597
0.798004
0.789862
0.789172
0.795194
0.805701
0.817972
0.82988
0.840283
0.848686
0.854836
0.858476
0.859266
0.856775
0.850794
0.841591
0.830164
0.818285
0.808091
0.801607
0.800081
0.803679
0.811597
0.822765
0.836407
0.851891
0.868506
0.885298
0.901173
0.914989
0.925748
0.932582
0.93501
0.932957
0.926699
0.916627
0.902894
0.885621
0.865221
0.842501
0.818593
0.7947
0.772093
0.752364
0.737488
0.729624
0.730609
0.741118
0.759994
0.784178
0.809503
0.831802
0.847918
0.856112
0.856045
0.848557
0.835276
0.81844
0.800669
0.784805
0.773773
0.770003
0.774787
0.787715
0.806631
0.828089
0.848286
0.864138
0.874028
0.877963
0.877181
0.873459
0.868468
0.863369
0.858668
0.854311
0.849905
0.844956
0.839151
0.832522
0.825633
0.819421
0.814726
0.811711
0.80985
0.808387
0.807092
0.806518
0.807362
0.809801
0.813263
0.816791
0.8198
0.822526
0.825961
0.831289
0.839203
0.84948
0.861079
0.872624
0.882808
0.890546
0.894868
0.895009
0.89051
0.881587
0.869352
0.855504
0.84184
0.829522
0.819027
0.810413
0.803664
0.798862
0.795995
0.794932
0.795351
0.797167
0.800571
0.806047
0.813975
0.824182
0.835777
0.847319
0.857265
0.864292
0.867644
0.867189
0.863543
0.857912
0.851643
0.845818
0.841003
0.837381
0.834889
0.833266
0.831972
0.830266
0.827464
0.823289
0.818133
0.813043
0.809155
0.80711
0.806976
0.80858
0.811907
0.817079
0.824019
0.832102
0.840016
0.846257
0.849874
0.850727
0.849508
0.846997
0.843529
0.83895
0.833167
0.826751
0.821317
0.818958
0.821087
0.8275
0.83647
0.845824
0.853887
0.859666
0.862513
0.861949
0.857881
0.850799
0.841963
0.832971
0.825264
0.820011
0.818657
0.822898
0.833787
0.850712
0.870954
0.890446
0.905015
0.911596
0.908853
0.897233
0.878493
0.855008
0.829285
0.80389
0.781358
0.764097
0.753746
0.750517
0.753197
0.759613
0.767452
0.774831
0.780641
0.784747
0.787963
0.791703
0.797308
0.805678
0.81726
0.832171
0.849895
0.869
0.887162
0.901915
0.911563
0.915445
0.913931
0.908273
0.900351
0.892196
0.885575
0.881382
0.879318
0.878195
0.876434
0.872825
0.867091
0.859977
0.852644
0.84581
0.839375
0.832744
0.82545
0.817593
0.809951
0.803629
0.79979
0.799468
0.803258
0.81092
0.820892
0.830686
0.837928
0.841208
0.840465
0.836681
0.831315
0.825828
0.821356
0.818521
0.817391
0.817556
0.81836
0.819349
0.820637
0.822815
0.826327
0.830801
0.834974
0.837324
0.836835
0.833352
0.827484
0.820159
0.812158
0.804327
0.797741
0.793324
0.79141
0.791391
0.792082
0.792457
0.792216
0.791878
0.792462
0.7951
0.800754
0.809904
0.822239
0.836612
0.851262
0.864345
0.874439
0.880926
0.884107
0.884862
0.884235
0.883038
0.881542
0.879609
0.876945
0.87335
0.869073
0.864755
0.86117
0.858885
0.857774
0.856858
0.854572
0.849282
0.840044
0.827295
0.813341
0.801747
0.795467
0.795237
0.799842
0.807745
0.817997
0.830105
0.843684
0.858131
0.87255
0.885503
0.895106
0.89938
0.896979
0.887581
0.872185
0.852878
0.832426
0.813604
0.798553
0.7884
0.783235
0.78217
0.783805
0.786859
0.790649
0.795124
0.800576
0.807193
0.814747
0.822477
0.829263
0.834132
0.836482
0.836214
0.833791
0.829932
0.825392
0.820912
0.81706
0.8141
0.811925
0.810263
0.808995
0.80863
0.810693
0.817414
0.830548
0.849486
0.870983
0.890877
0.905971
0.914757
0.917002
0.913186
0.904118
0.89104
0.875882
0.861139
0.849263
0.841717
0.838494
0.838639
0.840892
0.844005
0.846754
0.848128
0.847602
0.845317
0.84218
0.839713
0.839903
0.844294
0.852922
0.86369
0.87282
0.876345
0.871552
0.857812
0.836543
0.810826
0.784686
0.762348
