1.39841
1.39819
1.39764
1.3936
1.38402
1.36973
1.35444
1.3428
1.3375
1.33802
1.34246
1.34938
1.35752
1.3647
1.36795
1.36431
1.35195
1.33054
1.30108
1.26572
1.22813
1.19386
1.17024
1.16403
1.17767
1.20686
1.242
1.27283
1.29216
1.29749
1.29061
1.27647
1.26133
1.25069
1.24777
1.25329
1.26608
1.28424
1.30571
1.32816
1.34856
1.36308
1.36795
1.3607
1.34171
1.31472
1.28582
1.26062
1.24212
1.23166
1.23086
1.24149
1.26387
1.29602
1.33408
1.37322
1.40853
1.43551
1.45051
1.45105
1.43668
1.40972
1.37566
1.34196
1.31567
1.30074
1.29717
1.30201
1.31126
1.32165
1.33136
1.33943
1.34505
1.34699
1.34427
1.33709
1.32706
1.31673
1.3078
1.30022
1.29288
1.28531
1.27846
1.27417
1.27453
1.28174
1.29788
1.32327
1.35438
1.38451
1.40684
1.41691
1.41336
1.39711
1.37078
1.33856
1.30631
1.28027
1.26486
1.2605
1.26356
1.26796
1.26804
1.26127
1.24933
1.23667
1.22826
1.22809
1.23912
1.26281
1.298
1.34024
1.38268
1.41792
1.44007
1.44599
1.43554
1.4117
1.38019
1.34809
1.32171
1.30479
1.29797
1.29964
1.30731
1.31794
1.32776
1.33278
1.32964
1.31673
1.29489
1.26767
1.24084
1.22019
1.20885
1.2064
1.21028
1.21861
1.23167
1.25112
1.27772
1.31018
1.34525
1.37858
1.40605
1.42492
1.43453
1.43569
1.42954
1.41686
1.39805
1.37363
1.34485
1.31417
1.28537
1.26284
1.25042
1.25007
1.26067
1.27786
1.29574
1.30937
1.31592
1.31365
1.30157
1.28106
1.25719
1.23707
1.22662
1.22828
1.24078
1.26018
1.28175
1.30267
1.32279
1.34375
1.36675
1.39106
1.41397
1.43236
1.44442
1.45003
1.44981
1.444
1.43248
1.41584
1.39629
1.37685
1.35986
1.34624
1.33637
1.33078
1.3299
1.33302
1.33827
1.34341
1.34599
1.34359
1.33441
1.31834
1.29711
1.27369
1.25103
1.23104
1.21475
1.20408
1.20347
1.218
1.24796
1.28645
1.32284
1.34817
1.35804
1.35287
1.33675
1.31574
1.29601
1.28177
1.27402
1.27105
1.27047
1.27106
1.27331
1.27856
1.28782
1.30114
1.31737
1.33407
1.34788
1.35547
1.3549
1.34637
1.33216
1.31555
1.29939
1.28586
1.27728
1.27697
1.28839
1.31275
1.34722
1.38591
1.42249
1.45181
1.47024
1.47543
1.46608
1.44188
1.40371
1.35433
1.29917
1.24677
1.20717
1.18771
1.18935
1.20779
1.23732
1.27286
1.3098
1.34383
1.37123
1.38947
1.39749
1.39601
1.38729
1.37444
1.36012
1.3459
1.33213
1.31863
1.30564
1.29417
1.28573
1.28193
1.28469
1.29562
1.31471
1.3391
1.36341
1.38122
1.38709
1.37825
1.35563
1.32409
1.29067
1.26196
1.24231
1.2338
1.23714
1.25197
1.27695
1.30905
1.34323
1.37361
1.39551
1.40668
1.40658
1.39496
1.37164
1.33821
1.29937
1.26244
1.23498
1.2216
1.22247
1.23435
1.25292
1.27457
1.29692
1.31815
1.33637
1.34955
1.35622
1.35642
1.35234
1.3479
1.3472
1.35252
1.3635
1.37773
1.39215
1.40432
1.41285
1.41736
1.41818
1.41554
1.40837
1.39381
1.36894
1.33434
1.29589
1.26042
1.229
1.19802
1.16586
1.13569
1.11338
1.10414
1.11044
1.13236
1.16878
1.21688
1.27064
1.32195
1.36443
1.39633
1.41967
1.4371
1.44913
1.4542
1.4499
1.4343
1.4068
1.36914
1.32616
1.28549
1.25537
1.24133
1.24437
1.26207
1.29072
1.32671
1.36653
1.40675
1.44403
1.47538
1.49845
1.51174
1.51422
1.50472
1.48192
1.44515
1.39582
1.33899
1.28398
1.24312
1.22717
1.23859
1.26978
1.30875
1.3457
1.37454
1.39195
1.39662
1.38871
1.36974
1.34269
1.31194
1.28308
1.26162
1.25141
1.25321
1.26477
1.28233
1.30223
1.32173
1.3387
1.35115
1.35718
1.35517
1.34394
1.32341
1.29551
1.26409
1.23395
1.20929
1.19266
1.18495
1.18634
1.197
1.21612
1.24091
1.26775
1.29374
1.31641
1.33269
1.34013
1.33836
1.32889
1.31408
1.29646
1.27849
1.26241
1.25029
1.24364
1.24325
1.24862
1.25803
1.26953
1.28229
1.2971
1.31527
1.33698
1.36008
1.38054
1.39415
1.39849
1.39378
1.38259
1.36899
1.35738
1.35136
1.35225
1.35912
1.37022
1.38449
1.40138
1.41968
1.43669
1.44822
1.4497
1.43749
1.40983
1.36728
1.31308
1.2542
1.2025
1.17293
1.17591
1.20889
1.25817
1.30949
1.35459
1.39034
1.41604
1.43264
1.44261
1.44852
1.45102
1.44858
1.43879
1.41969
1.39067
1.35287
1.30921
1.26388
1.22169
1.18785
1.16796
1.16683
1.18616
1.22215
1.26647
1.30999
1.34604
1.37138
1.38536
1.38876
1.38346
1.37229
1.35875
1.34593
1.33475
1.32321
1.3073
1.28369
1.25194
1.21542
1.18074
1.15611
1.14882
1.16233
1.19415
1.23638
1.27946
1.3164
1.34475
1.36545
1.38018
1.38963
1.39391
1.39377
1.39115
1.38864
1.38828
1.39048
1.39418
1.39811
1.40135
1.40277
1.40057
1.39286
1.37862
1.35833
1.33411
1.30909
1.28667
1.26977
1.25999
1.25713
1.25916
1.26315
1.26648
1.26832
1.27015
1.27463
1.28416
1.29975
1.32046
1.34342
1.36449
1.37964
1.3863
1.38383
1.37356
1.35839
1.34203
1.32791
1.31817
1.31357
1.3147
1.32268
1.33806
1.35896
1.38071
1.39725
1.40329
1.396
1.3758
1.34619
1.31303
1.28287
1.2608
1.24942
1.24896
1.25778
1.27275
1.2906
1.30966
1.33061
1.35491
1.38242
1.40975
1.4313
1.44171
1.43829
1.42198
1.39687
1.36893
1.34392
1.32601
1.3167
1.31457
1.31625
1.31828
1.31837
1.31521
1.30779
1.29518
1.27753
1.25703
1.2377
1.22363
1.21703
1.21736
1.22248
1.23034
1.24004
1.2517
1.26551
1.2806
1.29482
1.30574
1.3123
1.31567
1.31919
1.32639
1.33903
1.35608
1.37446
1.39076
1.40265
1.40949
1.41182
1.41134
1.41055
1.41166
1.41432
1.41465
1.40733
1.38836
1.3565
1.31403
1.2669
1.22326
1.19015
1.17059
1.16393
1.16867
1.18371
1.20736
1.23634
1.26619
1.29294
1.31458
1.33141
1.3453
1.35822
1.37105
1.38322
1.3933
1.3997
1.40119
1.39706
1.3877
1.375
1.36208
1.35214
1.3471
1.34674
1.34913
1.3518
1.35243
1.34893
1.3394
1.32309
1.3022
1.28254
1.27161
1.27421
1.28895
1.30906
1.32656
1.33605
1.33682
1.33196
1.32543
1.31876
1.31044
1.2982
1.28141
1.26169
1.24267
1.22884
1.22439
1.23153
1.24956
1.27483
1.30185
1.32513
1.34086
1.34847
1.3514
1.35551
1.36502
1.3798
1.39689
1.41313
1.42584
1.4322
1.42939
1.41582
1.39229
1.36207
1.32969
1.29937
1.27416
1.25615
1.24642
1.24487
1.25034
1.26091
1.27391
1.28595
1.29394
1.29629
1.29344
1.28753
1.28185
1.2797
1.2832
1.29205
1.30382
1.3151
1.32266
1.32427
1.31923
1.30841
1.29444
1.28145
1.27439
1.27716
1.29062
1.31192
1.33575
1.35703
1.37294
1.38313
1.38875
1.39148
1.39296
1.39461
1.39697
1.39938
1.40083
1.40119
1.40163
1.40315
1.40492
1.40424
1.39866
1.38788
1.37367
1.35874
1.34576
1.33666
1.33198
1.33055
1.32991
1.32747
1.32176
1.3128
1.30145
1.2885
1.27408
1.25792
1.24003
1.22156
1.20503
1.19334
1.18837
1.19017
1.19747
1.20892
1.22344
1.23995
1.25709
1.27335
1.28761
1.29922
1.3079
1.31398
1.31864
1.32367
1.3307
1.34014
1.35072
1.3601
1.36626
1.36857
1.36791
1.36598
1.36407
1.36239
1.35967
1.35355
1.34187
1.32437
1.30295
1.28105
1.26296
1.25359
1.25698
1.27333
1.29836
1.32613
1.35222
1.37438
1.39122
1.40141
1.40441
1.40195
1.39836
1.39827
1.40289
1.40875
1.41092
1.4069
1.39791
1.38773
1.3802
1.37674
1.37547
1.37263
1.36492
1.35101
1.33181
1.30987
1.28876
1.27213
1.26276
1.26155
1.26737
1.27789
1.29066
1.30358
1.31481
1.32232
1.32429
1.31974
1.30881
1.29226
1.2711
1.24697
1.22239
1.20017
1.18281
1.17248
1.17072
1.17737
1.18977
1.20384
1.21622
1.22523
1.23054
1.23236
1.23106
1.22739
1.22337
1.22254
1.22889
1.24486
1.27047
1.30339
1.33949
1.3738
1.40187
1.42108
1.43102
1.43285
1.42844
1.41972
1.40858
1.39703
1.38742
1.3825
1.38489
1.39603
1.41522
1.43948
1.46415
1.48411
1.49474
1.49258
1.47569
1.4437
1.39825
1.3434
1.28532
1.231
1.18674
1.15712
1.14414
1.14659
1.16072
1.18167
1.20512
1.22762
1.24656
1.2602
1.26787
1.26978
1.26667
1.26001
1.25226
1.24603
1.24255
1.2405
1.2367
1.22854
1.21687
1.207
1.20691
1.22334
1.25775
1.30375
1.35035
1.38882
1.41624
1.43432
1.44692
1.45816
1.47047
1.48309
1.4922
1.49312
1.48327
1.46328
1.43606
1.40436
1.36966
1.3333
1.29866
1.27177
1.2586
1.26187
1.28114
1.31453
1.35781
1.40351
1.44282
1.46869
1.477
1.46607
1.43695
1.39443
1.34795
1.31006
1.29114
1.29305
1.30783
1.3227
1.32687
1.31528
1.28906
1.25452
1.22084
1.19626
1.18478
1.18612
1.19858
1.22079
1.25106
1.28621
1.32151
1.35195
1.37375
1.38549
1.38786
1.38175
1.36779
1.34888
1.33197
1.32437
1.32786
1.33862
1.35187
1.36447
1.37455
1.38068
1.38176
1.37677
1.36486
1.346
1.32278
1.30074
1.28578
1.28048
1.28331
1.29194
1.30488
1.31997
1.33347
1.34174
1.34292
1.33748
1.32735
1.31511
1.30307
1.29281
1.28545
1.28205
1.28366
1.29055
1.30113
1.3114
1.31593
1.31032
1.29361
1.26982
