0.784457
0.776732
0.778245
0.787574
0.801908
0.817911
0.832632
0.844055
0.851296
0.854364
0.853704
0.849707
0.842579
0.832571
0.820603
0.808789
0.800166
0.797909
0.804039
0.818651
0.83997
0.865
0.890495
0.913538
0.931992
0.944764
0.951667
0.953253
0.950292
0.943553
0.933615
0.92083
0.905456
0.887815
0.868649
0.849488
0.832557
0.820262
0.814166
0.814077
0.817962
0.822942
0.826499
0.827317
0.8255
0.822114
0.818325
0.814751
0.811297
0.807568
0.803475
0.799667
0.797397
0.798171
0.803259
0.81338
0.828623
0.848365
0.871272
0.895204
0.917431
0.93528
0.946584
0.950208
0.946243
0.935833
0.920786
0.903095
0.884416
0.865809
0.847833
0.830858
0.815418
0.802466
0.793448
0.78985
0.792491
0.801112
0.814389
0.8303
0.846299
0.85976
0.868446
0.871025
0.867154
0.857587
0.843981
0.828485
0.813338
0.800359
0.790683
0.784682
0.782494
0.784658
0.792413
0.806951
0.827887
0.852247
0.875379
0.89325
0.903916
0.907755
0.906786
0.903558
0.900304
0.898446
0.898326
0.899306
0.900091
0.899344
0.896561
0.89257
0.889208
0.888066
0.889359
0.891722
0.893144
0.892475
0.890061
0.887129
0.884838
0.883601
0.883444
0.884724
0.888007
0.893004
0.89796
0.900273
0.897814
0.889699
0.876256
0.858736
0.839044
0.819501
0.802681
0.791068
0.786597
0.790096
0.800789
0.816304
0.833391
0.848938
0.860823
0.867847
0.869538
0.866029
0.858273
0.848312
0.838821
0.832109
0.82901
0.828806
0.830058
0.831622
0.833038
0.834313
0.835734
0.837881
0.841627
0.847843
0.856843
0.868051
0.880352
0.892536
0.903551
0.912432
0.918201
0.919978
0.917197
0.909678
0.898088
0.883959
0.869625
0.857618
0.849736
0.846282
0.846043
0.847005
0.847274
0.845793
0.842593
0.838441
0.834311
0.831188
0.829823
0.830776
0.834294
0.840208
0.847926
0.856475
0.864726
0.871627
0.876372
0.878701
0.878857
0.877463
0.875388
0.873406
0.871804
0.870204
0.867672
0.862899
0.8549
0.84358
0.830141
0.817043
0.8074
0.803817
0.807352
0.817012
0.83025
0.844037
0.855933
0.864755
0.870743
0.875038
0.878844
0.882826
0.887
0.891044
0.894429
0.896766
0.898067
0.898861
0.899916
0.901629
0.90364
0.904951
0.904361
0.901132
0.895275
0.887501
0.878691
0.869478
0.859914
0.849645
0.838326
0.826031
0.813342
0.801089
0.789963
0.780222
0.771798
0.764706
0.759398
0.756952
0.758872
0.766467
0.780074
0.798609
0.819807
0.841021
0.86017
0.876105
0.888269
0.896085
0.898916
0.896595
0.890139
0.881903
0.874793
0.871106
0.871549
0.875051
0.87946
0.882694
0.883352
0.880865
0.87538
0.86749
0.858213
0.848824
0.840746
0.835371
0.833656
0.836124
0.842724
0.852862
0.865461
0.879194
0.892605
0.90422
0.912576
0.916186
0.913668
0.90424
0.888156
0.867034
0.843666
0.821571
0.803993
0.793144
0.790008
0.794675
0.806744
0.825532
0.849834
0.877541
0.905469
0.929716
0.946458
0.952864
0.947659
0.93147
0.906818
0.877849
0.849777
0.827082
0.811669
0.802506
0.797538
0.795841
0.797703
0.803316
0.811987
0.822496
0.833804
0.845152
0.855842
0.865251
0.87291
0.878523
0.882012
0.883352
0.882447
0.879391
0.874661
0.869101
0.863745
0.859341
0.855891
0.852477
0.847808
0.841092
0.832658
0.823942
0.816805
0.812905
0.813272
0.818083
0.826623
0.837557
0.849466
0.86115
0.871659
0.880205
0.885744
0.887211
0.883686
0.874896
0.861553
0.845419
0.829278
0.816526
0.810424
0.813204
0.824991
0.843747
0.865943
0.88764
0.905514
0.917378
0.922183
0.920066
0.912104
0.900156
0.886507
0.873412
0.862543
0.854555
0.849139
0.845373
0.842332
0.839472
0.836756
0.834475
0.832937
0.832188
0.832143
0.832841
0.834647
0.838184
0.843814
0.851235
0.859366
0.866683
0.871667
0.873251
0.871009
0.865312
0.857071
0.847623
0.838507
0.831089
0.826224
0.824022
0.823894
0.82515
0.827396
0.830643
0.834999
0.840451
0.846774
0.853767
0.861353
0.869477
0.877692
0.884966
0.890189
0.892966
0.893734
0.892875
0.889764
0.882898
0.871077
0.854469
0.834845
0.815351
0.79988
0.792212
0.79497
0.808477
0.830311
0.856005
0.880703
0.900818
0.914693
0.922525
0.926023
0.927506
0.929011
0.931419
0.934185
0.93592
0.935264
0.931363
0.923906
0.913035
0.899273
0.883298
0.866179
0.849438
0.834673
0.82303
0.814932
0.809996
0.807359
0.805844
0.804268
0.801716
0.797738
0.792421
0.786522
0.781341
0.778403
0.779006
0.783847
0.792762
0.804629
0.817634
0.830001
0.840616
0.849168
0.85593
0.861155
0.864706
0.8663
0.865819
0.863618
0.86042
0.856932
0.853185
0.848385
0.841373
0.831531
0.819611
0.807963
0.799952
0.798875
0.806827
0.823869
0.847934
0.875446
0.902157
0.924106
0.938304
0.943071
0.938187
0.924757
0.90504
0.881994
0.858649
0.837459
0.820254
0.808333
0.802615
0.803612
0.811301
0.825056
0.843639
0.865175
0.887423
0.908071
0.924769
0.93535
0.938065
0.932067
0.917908
0.897492
0.873661
0.849414
0.8272
0.80846
0.793631
0.782515
0.774754
0.77003
0.7683
0.769909
0.775543
0.785997
0.801618
0.821807
0.844696
0.867657
0.88805
0.903784
0.913535
0.916684
0.91313
0.903181
0.887523
0.867221
0.843894
0.819842
0.797853
0.780659
0.770058
0.766303
0.768207
0.77389
0.781502
0.789747
0.798084
0.806558
0.815257
0.823934
0.831837
0.837883
0.84099
0.840457
0.83631
0.829386
0.821279
0.813967
0.809397
0.809017
0.813325
0.8218
0.833174
0.845962
0.858877
0.871135
0.882516
0.893113
0.902893
0.911271
0.917101
0.91893
0.91574
0.907562
0.895554
0.881751
0.868403
0.857329
0.849315
0.844009
0.840407
0.837497
0.834996
0.833519
0.834176
0.83771
0.844002
0.85216
0.860856
0.868951
0.8758
0.881326
0.885782
0.889505
0.8927
0.895406
0.897521
0.898879
0.89929
0.898412
0.89588
0.891519
0.885551
0.878653
0.871733
0.865539
0.860291
0.855404
0.849938
0.842941
0.833897
0.823017
0.811427
0.800968
0.793786
0.791651
0.795298
0.804111
0.816587
0.830943
0.845586
0.859108
0.870292
0.878127
0.881804
0.880852
0.875453
0.866676
0.856361
0.846709
0.839687
0.836566
0.837604
0.842049
0.848354
0.854674
0.859419
0.861665
0.861429
0.859584
0.857524
0.856681
0.858176
0.862532
0.869563
0.878337
0.887459
0.895339
0.900644
0.902473
0.900366
0.894292
0.884772
0.872776
0.859754
0.847235
0.836699
0.829405
0.826074
0.826462
0.82946
0.833672
0.83804
0.842174
0.846154
0.850457
0.855802
0.862768
0.871186
0.879803
0.886625
0.889729
0.888093
0.881904
0.872471
0.862002
0.853043
0.847812
0.847729
0.852964
0.86244
0.874181
0.885842
0.895242
0.900932
0.902523
0.9008
0.897043
0.892023
0.885402
0.876329
0.864406
0.850311
0.835618
0.822093
0.811175
0.803598
0.799433
0.798338
0.800027
0.804417
0.811563
0.821175
0.83232
0.843562
0.853332
0.860347
0.864101
0.864903
0.863519
0.860442
0.855461
0.847821
0.836901
0.822813
0.80661
0.789989
0.775135
0.764487
0.760611
0.765756
0.781146
0.806373
0.839206
0.876088
0.913075
0.946662
0.974273
0.994184
1.00547
1.0079
1.00183
0.988186
0.968202
0.943198
0.914374
0.883005
0.850941
0.820789
0.795807
0.7795
0.774902
0.783696
0.805432
0.837352
0.875188
0.913989
0.948886
0.975588
0.990908
0.993118
0.982058
0.959079
0.927197
0.891197
0.856659
0.828137
0.807602
0.794884
0.789325
0.790338
0.796466
0.804818
0.811783
0.814502
0.811947
0.805028
0.795948
0.787263
0.78111
0.779119
0.78246
0.791639
0.806185
0.824369
0.84347
0.86046
0.872866
0.879442
0.880515
0.877727
0.873523
0.87018
0.869217
0.870999
0.875144
0.881012
0.887956
0.895309
0.902141
0.907353
0.910072
0.910018
0.907568
0.903556
0.898655
0.89324
0.887546
0.882112
0.877849
0.875632
0.875836
0.878159
0.881676
0.885011
0.886488
0.884426
0.877681
0.866182
0.850995
0.834231
0.818568
0.806599
0.800047
0.799433
0.804167
0.812949
0.823973
0.835061
0.844043
0.849373
0.850483
0.847798
0.842161
0.834302
0.824804
0.814436
0.80466
0.797811
0.796465
0.802585
0.816931
0.838621
0.86526
0.893412
0.919272
0.939555
0.952064
0.955851
0.951081
0.938616
0.919968
0.897196
0.872798
0.84952
0.83006
0.816761
0.811079
0.813152
0.821451
0.833094
0.8449
0.854551
0.861231
0.865329
0.867489
0.868144
0.867289
0.864733
0.860378
0.854508
0.847957
0.842281
0.839712
0.842613
0.852609
0.869688
0.89174
0.914986
0.93525
0.949172
0.955031
0.9526
0.942856
0.927535
0.908858
0.889391
0.871572
0.857325
0.847732
0.842643
0.840666
0.839666
0.837562
0.832988
0.825739
0.816705
0.807455
0.799668
0.794478
0.792092
0.791862
0.792763
0.794117
0.795744
0.797773
0.800086
0.802144
0.803237
0.803064
0.802114
0.801524
0.802705
0.806992
0.815218
0.827684
0.84392
0.862665
0.882044
0.899935
0.914322
0.923557
0.926539
0.922861
0.913104
0.898986
0.883432
0.869931
0.861589
0.86014
0.865225
0.874833
0.886214
0.896822
0.904796
0.908765
0.907937
0.902086
0.89169
0.877734
0.861672
0.845237
0.830313
0.818739
0.812041
0.810937
0.815158
0.823465
0.834002
0.844824
0.854444
0.862009
0.867303
0.870584
0.872184
0.87233
0.871157
0.86878
0.865382
0.861421
0.857687
0.855165
0.8548
0.857126
0.861854
0.867821
0.873208
0.876126
0.875196
0.869896
0.860422
0.847265
0.831271
0.814127
0.798875
0.789568
0.789913
0.801286
0.821692
0.846617
0.871163
0.891894
0.907329
0.917535
0.923318
0.925475
0.924321
0.919648
0.911088
0.898754
0.883449
0.86673
0.850428
0.836314
0.826028
0.820857
0.821744
0.828984
0.841945
0.858932
0.877262
0.893922
0.906311
0.912887
0.91339
0.908824
0.901161
0.89277
0.885384
0.879401
0.873792
0.866639
0.856473
