           0           0           0
    0.064633           0           0
    0.129266           0           0
    0.193899           0           0
    0.258532           0           0
    0.323165           0           0
    0.387798           0           0
    0.452431           0           0
    0.517064           0           0
    0.581697           0           0
     0.64633           0           0
    0.710963  0.00116309 0.000116712
    0.775596     0.19801  0.00151163
     0.84023     1.40223  0.00458155
    0.904863     2.64098  0.00663553
    0.969496     2.89646  0.00684298
     1.03413     2.62381  0.00644663
     1.09876     2.27235  0.00538907
     1.16339     1.99323  0.00440424
     1.22803     1.76972  0.00339853
     1.29266      1.6095   0.0033468
     1.35729     1.49339  0.00282187
     1.42193     1.41282  0.00249231
     1.48656      1.3436   0.0024622
     1.55119     1.30285  0.00216097
     1.61583     1.26779  0.00211251
     1.68046     1.24654  0.00214834
     1.74509     1.22429  0.00182912
     1.80973     1.21534  0.00159879
     1.87436     1.20885  0.00164305
     1.93899     1.20024   0.0019703
     2.00362     1.19075  0.00166997
     2.06826      1.1811  0.00135089
     2.13289     1.16966   0.0016369
     2.19752      1.1627  0.00129937
     2.26216     1.15253  0.00132511
     2.32679     1.14306  0.00147167
     2.39142     1.13278  0.00118138
     2.45606     1.12583  0.00128131
     2.52069     1.11916  0.00111457
     2.58532     1.11135  0.00124378
     2.64995      1.1076  0.00121939
     2.71459     1.10255  0.00108965
     2.77922     1.09933  0.00107257
     2.84385     1.09427  0.00110306
     2.90849     1.09248  0.00106509
     2.97312     1.08705  0.00101335
     3.03775      1.0835   0.0010572
     3.10239     1.08207 0.000950163
     3.16702     1.07684  0.00100447
     3.23165     1.07615 0.000850177
     3.29629      1.0725 0.000889162
     3.36092     1.07025 0.000870122
     3.42555     1.06806 0.000881959
     3.49018     1.06649 0.000821703
     3.55482     1.06397 0.000773216
     3.61945     1.06248 0.000852508
     3.68408     1.06207 0.000832256
     3.74872     1.05947 0.000903903
     3.81335     1.05735 0.000817177
     3.87798      1.0564  0.00084491
     3.94262     1.05309 0.000677791
     4.00725     1.05318 0.000732543
     4.07188     1.05202 0.000745881
     4.13651     1.05174 0.000727695
     4.20115     1.04963 0.000737983
     4.26578     1.04893 0.000707866
     4.33041     1.04774 0.000711962
     4.39505     1.04635 0.000731073
     4.45968     1.04365 0.000588721
     4.52431     1.04369 0.000675322
     4.58895     1.04434 0.000740907
     4.65358     1.04147 0.000631062
     4.71821     1.03981  0.00065267
     4.78285     1.04118 0.000642033
     4.84748     1.03913 0.000501456
     4.91211      1.0393 0.000631594
     4.97674     1.03795 0.000562433
     5.04138     1.03828  0.00058924
     5.10601     1.03581 0.000556253
     5.17064      1.0364 0.000507007
     5.23528     1.03494 0.000631211
     5.29991      1.0337 0.000522827
     5.36454     1.03365 0.000490957
     5.42918     1.03291 0.000588871
     5.49381     1.03284   0.0005507
     5.55844      1.0321 0.000534218
     5.62307     1.03161 0.000517701
     5.68771     1.03145 0.000587088
     5.75234     1.03038 0.000598061
     5.81697     1.02921 0.000466658
     5.88161      1.0295 0.000600975
     5.94624     1.02759 0.000515579
     6.01087      1.0281 0.000440928
     6.07551     1.02764 0.000445287
     6.14014     1.02837 0.000511247
     6.20477     1.02677 0.000487431
      6.2694     1.02596 0.000476413
     6.33404     1.01109 0.000496006
     6.39867    0.980277 0.000481224
