           1   0.0487203   0.0487203           0
           2   0.0495393   0.0491298 0.000409518
           3   0.0488053   0.0490216 0.000260001
           4   0.0492831    0.049087 0.000195128
           5   0.0494259   0.0491548 0.000165649
           6   0.0491408   0.0491524 0.000135272
           7    0.049155   0.0491528 0.000114326
           8   0.0493794   0.0491811 0.000102981
           9   0.0487215   0.0491301 0.000104193
          10     0.04903   0.0491201 9.37289e-05
          11   0.0488491   0.0490954 8.82878e-05
          12   0.0493741   0.0491186  8.3874e-05
          13   0.0488569   0.0490985 7.97359e-05
          14   0.0491251   0.0491004 7.38455e-05
          15   0.0492964   0.0491135 6.99771e-05
          16   0.0489306   0.0491021  6.6448e-05
          17   0.0494734   0.0491239 6.61285e-05
          18   0.0483658   0.0490818 7.52379e-05
          19   0.0487457   0.0490641 7.33332e-05
          20   0.0487126   0.0490465 7.17555e-05
          21   0.0490428   0.0490463 6.82533e-05
          22   0.0491686   0.0490519 6.53138e-05
          23   0.0497264   0.0490812 6.89564e-05
          24   0.0491344   0.0490834 6.60579e-05
          25   0.0488103   0.0490725 6.42955e-05
          26   0.0489949   0.0490695 6.18452e-05
          27   0.0486658   0.0490546 6.13603e-05
          28   0.0491349   0.0490574 5.91978e-05
          29   0.0487233   0.0490459 5.82707e-05
          30    0.048693   0.0490342  5.7511e-05
          31   0.0489006   0.0490298 5.57914e-05
          32   0.0484717   0.0490124 5.67656e-05
          33   0.0487939   0.0490058 5.54156e-05
          34   0.0487471   0.0489982 5.42967e-05
          35   0.0493198   0.0490074 5.35176e-05
          36   0.0493578   0.0490171  5.2913e-05
          37   0.0486113   0.0490061 5.26189e-05
          38    0.049008   0.0490062 5.12155e-05
          39   0.0485495   0.0489945  5.1241e-05
          40   0.0492965    0.049002  5.0511e-05
          41   0.0491689   0.0490061 4.94314e-05
          42   0.0495031   0.0490179 4.96702e-05
          43   0.0496396   0.0490324 5.06104e-05
          44   0.0482619   0.0490149  5.2456e-05
          45   0.0492131   0.0490193  5.1466e-05
          46   0.0496768   0.0490336 5.23247e-05
          47   0.0483795   0.0490197 5.30569e-05
          48   0.0485496   0.0490099  5.2855e-05
          49   0.0484448   0.0489983 5.30341e-05
          50   0.0495678   0.0490097 5.31962e-05
          51   0.0483351   0.0489965 5.37944e-05
          52   0.0486923   0.0489906  5.3073e-05
          53   0.0492858   0.0489962 5.23591e-05
          54   0.0491637   0.0489993 5.14738e-05
          55   0.0493151   0.0490051 5.08544e-05
          56   0.0491636   0.0490079 5.00182e-05
          57    0.049294   0.0490129 4.93886e-05
          58   0.0493596   0.0490189 4.88964e-05
          59   0.0487994   0.0490152 4.82043e-05
          60     0.04888   0.0490129 4.74476e-05
          61   0.0493799   0.0490189 4.70494e-05
          62   0.0488088   0.0490155 4.64082e-05
          63   0.0491837   0.0490182 4.57436e-05
          64   0.0489644   0.0490174  4.5031e-05
          65   0.0494117   0.0490234 4.47459e-05
          66   0.0489932    0.049023 4.40651e-05
          67   0.0484454   0.0490143 4.42504e-05
          68   0.0492001   0.0490171 4.36803e-05
          69   0.0491023   0.0490183 4.30603e-05
          70   0.0487935   0.0490151  4.2562e-05
          71   0.0489677   0.0490144 4.19636e-05
          72   0.0483273   0.0490049 4.24631e-05
          73   0.0484771   0.0489977 4.24969e-05
          74   0.0489521    0.048997 4.19232e-05
          75      0.0489   0.0489958 4.13807e-05
          76   0.0489218   0.0489948 4.08442e-05
          77   0.0490505   0.0489955 4.03167e-05
          78   0.0480893   0.0489839 4.14578e-05
          79    0.049305    0.048988  4.1131e-05
          80   0.0488273   0.0489859 4.06632e-05
          81   0.0492022   0.0489886 4.02468e-05
          82   0.0495221   0.0489951 4.02817e-05
          83   0.0491953   0.0489975 3.98664e-05
          84   0.0486797   0.0489937 3.95703e-05
          85    0.048933    0.048993 3.91085e-05
          86   0.0489595   0.0489926  3.8653e-05
          87   0.0489702   0.0489924  3.8207e-05
          88   0.0489931   0.0489924 3.77703e-05
          89   0.0489962   0.0489924 3.73436e-05
          90   0.0488736   0.0489911 3.69499e-05
          91   0.0493451    0.048995  3.6748e-05
          92   0.0485916   0.0489906 3.66099e-05
          93   0.0488701   0.0489893 3.62373e-05
          94   0.0486094   0.0489853 3.60768e-05
          95   0.0484731   0.0489799 3.60999e-05
          96   0.0491753   0.0489819 3.57799e-05
          97    0.048807   0.0489801  3.5455e-05
          98   0.0490383   0.0489807 3.50964e-05
          99   0.0494855   0.0489858 3.51122e-05
         100   0.0488231   0.0489842 3.47974e-05
