           1   -0.416419   -0.416419           0
           2   -0.413716   -0.415067  0.00135141
           3   -0.405493   -0.411876  0.00328538
           4   -0.409443   -0.411267  0.00240142
           5   -0.410067   -0.411027  0.00187556
           6   -0.411966   -0.411184  0.00153936
           7   -0.417978   -0.412154  0.00162316
           8    -0.41492     -0.4125  0.00144757
           9   -0.411775    -0.41242  0.00127918
          10   -0.417713   -0.412949  0.00126064
          11   -0.414833    -0.41312  0.00115309
          12    -0.41351   -0.413153  0.00105312
          13   -0.415865   -0.413361 0.000990936
          14   -0.423817   -0.414108  0.00118298
          15   -0.412241   -0.413984   0.0011083
          16   -0.417239   -0.414187   0.0010565
          17   -0.416209   -0.414306 0.000999507
          18   -0.414483   -0.414316 0.000942396
          19   -0.414805   -0.414342 0.000891789
          20   -0.413578   -0.414303 0.000846886
          21   -0.416167   -0.414392 0.000810425
          22   -0.415917   -0.414461 0.000775812
          23    -0.41442    -0.41446 0.000741316
          24   -0.410431   -0.414292 0.000729336
          25   -0.417381   -0.414415 0.000710386
          26    -0.40887   -0.414202  0.00071507
          27   -0.413882    -0.41419 0.000688179
          28   -0.419304   -0.414373 0.000687837
          29   -0.414147   -0.414365  0.00066374
          30   -0.418878   -0.414516 0.000658644
          31   -0.414946   -0.414529 0.000637195
          32   -0.414981   -0.414543 0.000617122
          33   -0.412203   -0.414473 0.000602319
          34   -0.419909   -0.414632 0.000605814
          35   -0.413649   -0.414604 0.000588921
          36   -0.411895   -0.414529 0.000577257
          37   -0.411396   -0.414444 0.000567789
          38   -0.409756   -0.414321  0.00056625
          39   -0.421226   -0.414498 0.000579257
          40   -0.410012   -0.414386 0.000575623
          41   -0.419785   -0.414518 0.000576646
          42   -0.415486   -0.414541 0.000563221
          43    -0.41541   -0.414561 0.000550338
          44    -0.41158   -0.414493 0.000541937
          45   -0.413868   -0.414479  0.00052994
          46   -0.414944   -0.414489  0.00051839
          47     -0.4186   -0.414577 0.000514727
          48   -0.418648   -0.414662 0.000510979
          49   -0.412624    -0.41462 0.000502166
          50   -0.412381   -0.414575 0.000494054
          51   -0.419584   -0.414673  0.00049413
          52   -0.420351   -0.414783 0.000496685
          53    -0.41573   -0.414801 0.000487551
          54   -0.411978   -0.414748 0.000481284
          55   -0.417101   -0.414791 0.000474385
          56   -0.409672     -0.4147 0.000474719
          57   -0.410457   -0.414625  0.00047222
          58   -0.416532   -0.414658  0.00046517
          59   -0.414493   -0.414655 0.000457226
          60   -0.421588   -0.414771 0.000464152
          61    -0.41311   -0.414744 0.000457291
          62   -0.414875   -0.414746  0.00044986
          63   -0.414581   -0.414743  0.00044267
          64   -0.412596    -0.41471 0.000436988
          65   -0.417805   -0.414757  0.00043284
          66   -0.417316   -0.414796 0.000427991
          67   -0.417721    -0.41484 0.000423809
          68   -0.413683   -0.414823 0.000417877
          69   -0.413003   -0.414796  0.00041262
          70   -0.414509   -0.414792 0.000406703
          71   -0.412012   -0.414753 0.000402842
          72   -0.416972   -0.414784 0.000398402
          73   -0.414577   -0.414781 0.000392916
          74   -0.418219   -0.414827 0.000390345
          75   -0.408328   -0.414741 0.000394734
          76   -0.416912   -0.414769 0.000390552
          77   -0.409743   -0.414704 0.000390936
          78   -0.411769   -0.414666 0.000387722
          79   -0.414049   -0.414659 0.000382862
          80   -0.415387   -0.414668 0.000378156
          81   -0.416265   -0.414687 0.000373978
          82   -0.412577   -0.414662 0.000370285
          83   -0.410962   -0.414617 0.000368502
          84   -0.420741    -0.41469 0.000371315
          85   -0.416676   -0.414713 0.000367664
          86    -0.41166   -0.414678 0.000365095
          87   -0.413283   -0.414662  0.00036123
          88   -0.410468   -0.414614 0.000360268
          89   -0.418436   -0.414657 0.000358776
          90   -0.411915   -0.414627 0.000356073
          91   -0.409977   -0.414576 0.000355825
          92   -0.409156   -0.414517 0.000356832
          93   -0.411973   -0.414489 0.000354033
          94   -0.420029   -0.414548  0.00035517
          95   -0.414928   -0.414552 0.000351434
          96   -0.414167   -0.414548 0.000347777
          97   -0.416438   -0.414568 0.000344724
          98   -0.413966   -0.414562 0.000341243
          99   -0.415974   -0.414576  0.00033808
         100   -0.420234   -0.414632 0.000339432
