0.395002   -0.167601   -0.0819781
-0.328317   -0.240261   0.06095
0.0933918   0.311564   -0.131431
-0.427588   -0.408299   -0.415426
0.19416   0.356604   0.19029
0.337637   -0.192807   0.171859
0.0854643   0.331689   0.04284
-0.10576   -0.211778   0.44233
-0.38646   -0.128773   0.102748
0.0465542   0.0118965   -0.278437
-0.0293469   -0.218392   0.486557
-0.442105   -0.0106659   0.309475
0.301908   -0.137093   0.106956
0.399658   0.493278   -0.208566
-0.220356   -0.29844   0.0106347
-0.28469   -0.291799   -0.237731
0.0956637   0.43868   -0.174812
-0.266944   -0.377669   -0.156058
-0.127262   0.0736228   -0.0759472
-0.329001   -0.484805   -0.366071
0.0482675   -0.396649   0.177773
0.354708   -0.393559   -0.0473605
-0.248959   0.214445   -0.394961
-0.168483   0.336844   -0.377695
0.36746   -0.146924   0.251641
0.315539   0.017282   -0.12468
-0.0338243   0.104788   -0.19294
-0.128025   0.39936   0.386824
0.103748   -0.375665   0.269449
0.493964   -0.499437   -0.442446
0.376157   -0.0428962   -0.363582
-0.29255   -0.252801   -0.124329
-0.190422   -0.462499   0.327646
-0.144055   0.00306474   -0.458187
0.495247   0.359904   0.428352
0.289062   0.234734   0.344935
-0.0795516   -0.342245   -0.351994
0.000152747   -0.301417   -0.39221
0.144222   -0.118661   0.353659
-0.326784   -0.406167   0.233144
-0.24964   0.149195   0.320106
-0.194581   -0.360465   0.418893
0.313874   0.384384   0.134996
0.319574   -0.229686   -0.408569
0.240497   0.453982   -0.222487
0.316646   0.479613   0.309444
-0.424998   -0.29543   0.223534
-0.369287   -0.321497   -0.0035289
-0.445912   0.403703   0.0952377
0.280276   -0.365104   0.257091
0.174269   0.490734   0.126367
0.444086   -0.299053   -0.374687
0.224993   -0.28763   -0.166474
-0.419119   -0.0257894   0.197363
0.220472   0.242276   0.452036
0.0253153   0.266299   -0.226805
-0.425439   0.0601395   0.0896654
0.265399   -0.125105   0.189689
0.417519   -0.209855   0.447982
0.29208   0.278168   0.412361
0.263937   -0.0343374   0.324799
-0.467397   0.467278   0.385963
0.207314   0.145606   -0.0674615
-0.299956   0.423508   -0.409097
0.129844   0.0759236   -0.251519
-0.432057   0.051297   -0.0523755
0.0487073   -0.262638   0.498814
0.0670268   0.207252   0.224726
-0.411633   -0.37697   -0.340013
-0.329474   -0.498763   0.453181
-0.123756   0.480004   0.255207
-0.144971   0.170182   -0.101404
0.227056   -0.227927   0.182341
0.0366627   0.0626226   -0.399753
-0.279816   0.355457   -0.160036
0.491937   -0.0586553   -0.466357
-0.425746   0.0637319   0.271395
-0.126659   -0.311068   -0.204987
0.273255   -0.165333   0.361979
0.0565671   0.0575798   -0.140859
-0.465741   0.289092   -0.0560488
0.29339   -0.323044   0.477946
-0.301135   -0.340423   -0.0793047
0.251169   -0.0129535   -0.0202408
-0.0107206   0.354332   0.178433
0.133464   -0.00459494   -0.219762
-0.44823   -0.14299   0.202817
-0.0702551   -0.140309   0.423047
-0.225311   -0.285937   -0.107095
0.197054   -0.42687   -0.319789
-0.113629   0.183279   0.440323
-0.202448   -0.108049   0.125344
0.38304   -0.0803091   0.0622349
0.124664   -0.0298997   -0.303982
0.222071   0.490843   0.290795
0.280873   -0.0173721   -0.216814
0.246285   -0.0623985   0.127517
-0.446868   0.0254985   0.0228856
-0.403019   -0.330912   -0.406176
0.0916869   0.445269   -0.358986
-0.309983   0.0570054   0.282603
-0.00567229   -0.46475   0.444652
-0.0382477   0.0181762   -0.224649
-0.263468   -0.371472   -0.437983
-0.180256   -0.196612   0.186247
-0.174457   -0.19274   0.333279
0.261632   -0.392621   0.163226
0.129284   -0.195921   -0.261626
