0,310.859
1,302.281
2,293.113
3,285.229
4,278.528
5,274.143
6,268.468
7,263.537
8,260.187
9,256.281
10,249.705
11,246.601
12,240.795
13,234.169
14,228.354
15,223.261
16,218.989
17,214.419
18,211.311
19,208.063
20,201.755
21,197.268
22,192.942
23,190.927
24,187.128
25,184.199
26,180.391
27,179.661
28,176.74
29,175.439
30,174.28
31,173.492
32,171.1
33,170.278
34,170.512
35,170.208
36,168.525
37,168.154
38,166.193
39,166.187
40,166.016
41,165.037
42,162.794
43,162.906
44,161.574
45,160.737
46,159
47,157.605
48,155.442
49,154.919
50,154.635
51,154.649
52,154.99
53,154.399
54,153.387
55,152.173
56,150.99
57,149.565
58,148.075
59,148.25
60,147.125
61,147.152
62,146.717
63,144.773
64,144.89
65,144.936
66,144.316
67,143.886
68,143.86
69,142.329
70,142.631
71,142.747
72,142.193
73,143.119
74,142.506
75,141.944
76,142.385
77,141.958
78,140.503
79,140.667
80,140.108
81,139.897
82,138.546
83,138.439
84,138.748
85,138.599
86,138.256
87,137.081
88,136.612
89,136.957
90,135.285
91,135.52
92,134.589
93,133.294
94,131.724
95,131.239
96,130.892
97,130.887
98,129.56
99,128.944
100,128.764
101,127.881
102,127.91
103,127.559
104,126.746
105,125.757
106,125.01
107,124.824
108,124.057
109,123.575
110,122.991
111,123.459
112,122.434
113,121.671
114,122.253
115,121.759
116,122.23
117,122.088
118,121.733
119,120.461
120,120.136
121,119.786
122,119.68
123,119.902
124,119.006
125,118.363
126,117.211
127,117.202
128,116.607
129,116.429
130,115.565
131,115.174
132,114.996
133,114.23
134,113.634
135,113.921
136,113.395
137,113.142
138,112.873
139,112.43
140,112.803
141,112.065
142,112.125
143,111.792
144,111.506
145,111.782
146,111.676
147,111.641
148,111.705
149,111.628
150,111.692
151,111.471
152,111.488
153,112.001
154,112.164
155,111.671
156,111.313
157,111.568
158,111.491
159,112.035
160,112.073
161,111.92
162,111.596
163,110.397
164,110.151
165,109.977
166,110.643
167,110.591
168,110.408
169,110.427
170,110.498
171,110.398
172,110.46
173,111.42
174,111.399
175,111.08
176,110.979
177,111.228
178,110.892
179,110.881
180,110.628
181,110.611
182,110.156
183,110.361
184,110.396
185,110.335
186,110.266
187,110.026
188,110.008
189,110.317
190,109.967
191,110.026
192,109.66
193,109.853
194,110.435
195,110.18
196,109.574
197,109.455
198,109.849
199,110.102
200,109.476
201,109.187
202,109.305
203,109.309
204,109.317
205,109.744
206,109.446
207,109.864
208,110.011
209,109.534
210,110.176
211,110.74
212,111.298
213,112.273
214,112.994
215,113.42
216,112.857
217,114.372
218,114.531
219,115.511
220,116.096
221,116.926
222,118.073
223,118.395
224,117.531
225,118.181
226,118.25
227,118.789
228,118.766
229,119.332
230,119.534
231,120.257
232,120.692
233,121.369
234,122.236
235,122.303
236,122.391
237,122.258
238,122.726
239,122.891
240,122.821
241,123.338
242,123.376
243,123.232
244,121.93
245,120.135
246,120.962
247,120.935
248,120.068
249,120.261
250,119.373
251,119.295
252,119.522
253,118.793
254,118.831
255,119.044
256,118.389
257,117.076
258,116.441
259,117.203
260,117.248
261,117.04
262,116.153
263,116.187
264,115.727
265,115.799
266,114.935
267,114.066
268,114.179
269,113.332
270,113.235
271,113.435
272,113.333
273,114.103
274,112.696
275,113.274
276,112.273
277,111.683
278,111.64
279,111.762
280,112.149
281,112.352
282,111.622
283,111.889
284,112.277
285,113.048
286,113.065
287,111.083
288,110.955
289,110.714
290,110.066
291,109.749
292,109.569
293,109.786
294,109.13
295,108.229
296,108.408
297,108.402
298,109.033
299,108.983
300,109.32
301,109.447
302,109.549
303,108.376
304,107.588
305,107.305
306,107.623
307,108.892
308,108.964
309,109.969
310,109.976
311,110.178
312,111.323
313,111.907
314,111.792
315,111.281
316,111.272
317,110.986
318,110.638
319,110.814
320,111.209
321,112.194
322,110.769
323,110.331
324,110.172
325,109.614
326,109.346
327,108.002
328,106.561
329,105.122
330,104.116
331,104.042
332,103.588
333,102.92
334,102.248
335,101.597
336,100.55
337,99.4258
338,99.228
339,99.142
340,99.2903
341,98.9606
342,98.3497
343,98.2134
344,98.1669
345,97.6816
346,97.7026
347,97.4948
348,97.2867
349,97.5704
350,97.4411
351,97.3795
352,97.3133
353,97.1334
354,97.0883
355,97.0087
356,97.4183
357,97.7228
358,97.5879
359,98.1864
360,98.1051
361,97.9685
362,97.5236
363,97.7327
364,97.7051
365,97.4574
366,97.6706
367,97.5372
368,97.4521
369,97.1572
370,97.2455
371,97.2265
372,97.2826
373,97.1994
374,97.1563
375,97.2057
376,97.3454
377,96.9811
378,97.0254
379,97.0764
380,97.0339
381,97.3185
382,97.1739
383,96.9402
384,96.5395
385,96.2372
386,96.2377
387,95.5915
388,95.5859
389,95.4691
390,95.711
391,95.4943
392,95.627
393,95.8588
394,95.8629
395,95.8318
396,95.9855
397,96.1241
398,96.3269
399,95.7993
400,96.0632
401,95.8314
402,95.668
403,95.5997
404,95.5574
405,95.5669
406,95.4974
407,95.3952
408,95.4438
409,95.3829
410,95.3341
411,95.2294
412,95.1964
413,95.4169
414,95.7834
415,95.9942
416,95.8931
417,95.6297
418,95.9349
419,95.8375
420,95.6792
421,95.808
422,95.8535
423,96.1133
424,95.9649
425,96.2361
426,95.8291
427,95.7757
428,95.6047
429,95.7383
430,95.6745
431,95.6029
432,95.3399
433,95.4001
434,95.423
435,95.6964
436,95.5611
437,95.497
438,95.4426
439,95.3736
440,95.403
441,95.4741
442,95.4722
443,95.3095
444,95.6135
445,95.2058
446,95.5904
447,95.3192
448,95.2654
449,95.4838
450,95.2024
451,95.435
452,95.51
453,95.3719
454,95.3794
455,95.2775
456,95.5352
457,95.6566
458,95.5149
459,95.6907
460,95.6663
461,95.6071
462,95.935
463,95.9085
464,96.2057
465,95.9404
466,96.2299
467,96.2646
468,96.0534
469,95.9353
470,95.8329
471,95.6329
472,95.6815
473,95.684
474,96.0445
475,95.9194
476,95.8604
477,95.5811
478,95.5565
479,95.0451
480,95.1175
481,95.0815
482,95.3405
483,95.2523
484,95.1381
485,95.2682
486,95.3996
487,95.5269
488,95.3726
489,95.6458
490,95.4455
491,95.7419
492,95.6978
493,95.5726
494,95.1707
495,95.2803
496,95.3196
497,95.1649
498,95.1358
499,94.8039
500,94.7673
501,95.0121
502,95.0029
503,95.0873
504,95.152
505,95.016
506,95.1561
507,95.5235
508,95.5204
509,95.4325
510,95.1642
511,95.2874
512,95.3907
513,95.2715
514,95.5862
515,95.4413
516,95.5648
517,95.6335
518,95.7198
519,95.6344
520,95.3441
521,95.1467
522,95.2921
523,95.2659
524,95.2105
525,95.1006
526,94.9571
527,95.1287
528,94.9527
529,94.8403
530,94.9694
531,95.2454
532,94.9736
533,94.9206
534,94.9708
535,94.8466
536,95.0414
537,95.131
538,95.0869
539,95.0832
540,95.1026
541,95.1894
542,95.2814
543,95.3371
544,95.6523
545,95.5116
546,95.3042
547,95.5205
548,95.623
549,95.4264
550,95.2996
551,95.3293
552,95.5716
553,95.7253
554,95.6424
555,95.8406
556,95.8917
557,96.1963
558,96.3287
559,96.2993
560,96.3266
561,95.941
562,95.9295
563,95.943
564,95.9091
565,95.7864
566,95.545
567,95.5682
568,95.3562
569,95.5005
570,95.1959
571,95.214
572,94.9606
573,94.9969
574,95.1602
575,95.3393
576,95.5016
577,95.2982
578,95.3281
579,95.0934
580,95.1542
581,95.0598
582,94.8997
583,94.9824
584,94.9771
585,94.9883
586,94.9305
587,95.2047
588,95.1661
589,94.9866
590,94.8637
591,95.0212
592,95.0079
593,95.0537
594,94.7511
595,94.7467
596,94.7963
597,94.706
598,94.6307
599,94.6384
600,94.6866
601,94.933
602,94.8014
603,94.6824
604,94.5672
605,94.7247
606,94.6999
607,94.6906
608,94.8598
609,94.6897
610,95.0596
611,94.8244
612,94.6206
613,94.8125
614,94.4898
615,94.2803
616,94.5373
617,94.6991
618,94.4307
619,94.8267
620,94.8847
621,94.8661
622,94.8832
623,95.0312
624,95.2943
625,95.3298
626,95.3869
627,95.5231
628,95.4339
629,95.4432
630,95.4287
631,95.2539
632,95.0442
633,94.9555
634,94.8588
635,94.8843
636,95.0055
637,95.3002
638,95.3568
639,95.0494
640,94.8674
641,94.8402
642,94.9942
643,94.9799
644,94.866
645,94.8145
646,94.7955
647,94.7733
648,94.6295
649,94.8352
650,94.8732
651,94.7134
652,94.7105
653,94.878
654,94.8485
655,94.7828
656,94.4206
657,94.5197
658,94.4446
659,94.782
660,94.8529
661,94.9566
662,95.2289
663,95.4953
664,95.4173
665,95.2353
666,95.197
667,95.2698
668,95.1757
669,95.0305
670,95.167
671,95.0113
672,94.9178
673,94.797
674,94.9882
675,95.1369
676,94.6771
677,94.7796
678,94.7962
679,94.8996
680,94.7511
681,94.7987
682,94.5998
683,94.4656
684,94.6873
685,94.6959
686,94.8511
687,94.9727
688,95.0168
689,94.8106
690,95.0593
691,94.7312
692,94.8771
693,94.8298
694,94.7233
695,94.7459
696,94.7706
697,94.9922
698,94.9902
699,95.0411
700,95.1636
701,95.2608
702,95.4938
703,95.5987
704,95.4882
705,95.3854
706,95.2777
707,95.3768
708,95.2404
709,95.206
710,95.4343
711,95.4096
712,95.416
713,95.2004
714,95.2563
715,95.1297
716,95.1813
717,95.6781
718,95.6782
719,95.9718
720,95.7867
721,95.4437
722,95.5756
723,95.5135
724,95.5576
725,95.7476
726,95.7719
727,95.4347
728,95.48
729,95.1533
730,95.2702
731,95.1644
732,95.0283
733,95.0808
734,94.9143
735,95.2805
736,95.1637
737,95.1135
738,95.1767
739,94.9426
740,94.8824
741,94.6664
742,94.7332
743,94.9819
744,95.1744
745,95.2011
746,95.3723
747,95.5398
748,95.4353
749,95.2987
750,95.7293
751,95.9476
752,96.317
753,95.9137
754,95.8791
755,96.0518
756,96.1763
757,96.0662
758,96.1462
759,96.2504
760,96.019
761,96.2873
762,96.4526
763,96.0066
764,95.9947
765,96.0098
766,96.1821
767,96.4826
768,96.3389
769,96.2706
770,96.6924
771,96.6699
772,96.5124
773,96.3008
774,96.084
775,96.0427
776,95.9964
777,96.2377
778,96.0813
779,95.9134
780,95.6076
781,95.3762
782,95.5331
783,95.1307
784,95.2372
785,95.3838
786,95.2934
787,95.5405
788,95.7802
789,95.4205
790,95.1931
791,95.0731
792,95.295
793,95.4978
794,95.082
795,95.259
796,95.7264
797,95.5345
798,95.4537
799,95.5798
800,95.6253
801,95.6538
802,95.6161
803,95.654
804,95.78
805,95.6966
806,95.5063
807,95.4875
808,95.3418
809,95.1
810,95.1803
811,95.0487
812,95.3971
813,95.4069
814,95.3747
815,95.3673
816,95.8903
817,95.8203
818,95.8676
819,96.1904
820,95.8705
821,95.7534
822,95.5989
823,95.348
824,95.4214
825,95.2553
826,95.3054
827,95.7071
828,95.3275
829,95.39
830,95.2331
831,95.1375
832,94.8419
833,95.2233
834,95.1467
835,95.134
836,95.0472
837,95.1633
838,95.4487
839,95.4295
840,95.1389
841,95.1898
842,95.1547
843,95.2122
844,95.2354
845,95.0326
846,94.7643
847,94.7506
848,95.0425
849,94.9689
850,95.1731
851,95.223
852,95.1768
853,95.5933
854,95.4322
855,95.3568
856,94.9718
857,95.2006
858,94.6708
859,94.6534
860,94.6181
861,94.6306
862,94.6928
863,94.5379
864,94.5313
865,94.871
866,94.9592
867,95.2104
868,95.227
869,95.0791
870,95.154
871,95.3688
872,95.7539
873,95.3628
874,95.2806
875,95.3856
876,95.3731
877,95.2219
878,95.2366
879,95.3267
880,95.2116
881,95.4278
882,95.2025
883,95.3674
884,95.3858
885,95.3585
886,95.4425
887,95.6025
888,95.6745
889,95.8095
890,95.7837
891,95.8209
892,95.6527
893,95.8502
894,95.6729
895,95.6262
896,95.5708
897,95.5909
898,95.3079
899,95.3698
900,95.3827
901,95.2173
902,95.4219
903,95.4284
904,95.3385
905,95.2685
906,95.2161
907,95.3401
908,95.0965
909,95.0826
910,94.8728
911,94.6468
912,94.6299
913,94.6461
914,94.8242
915,95.043
916,95.0712
917,94.9674
918,94.9239
919,94.7839
920,94.9757
921,95.4666
922,95.3063
923,95.2696
924,95.4889
925,95.3588
926,95.5405
927,95.4581
928,95.3632
929,95.3879
930,95.6356
931,95.3606
932,95.5819
933,95.7415
934,96.3915
935,96.082
936,95.8296
937,95.4172
938,94.9534
939,95.0816
940,95.1942
941,95.3981
942,95.123
943,95.2534
944,95.2887
945,95.1815
946,95.1612
947,95.176
948,95.5381
949,95.3637
950,95.5188
951,95.3023
952,95.5703
953,95.4941
954,95.2478
955,95.7326
956,95.7202
957,95.3207
958,95.5642
959,95.6147
960,95.2349
961,95.2712
962,95.1607
963,95.3572
964,95.3597
965,95.342
966,95.1701
967,95.3962
968,95.1625
969,95.0613
970,95.2161
971,95.0942
972,94.8701
973,94.8803
974,95.2735
975,95.1926
976,95.2914
977,95.3702
978,95.3473
979,95.1173
980,95.2198
981,95.0676
982,95.1888
983,95.3326
984,95.099
985,94.9618
986,94.8313
987,94.659
988,94.7055
989,94.9582
990,94.994
991,94.8168
992,94.9041
993,94.8579
994,94.9516
995,95.0593
996,95.3408
997,95.2267
998,95.4422
999,95.6749
1000,95.6381
1001,95.4144
1002,95.5845
1003,95.4957
1004,95.1927
1005,95.4217
1006,95.2871
1007,95.4448
1008,95.7397
1009,95.9003
1010,95.9712
1011,95.8049
1012,95.6141
1013,95.2552
1014,95.3495
1015,95.3934
1016,95.395
1017,95.5871
1018,95.8353
1019,95.8097
1020,95.8057
1021,95.4889
1022,95.4502
1023,95.3992
1024,95.3489
1025,95.7783
1026,95.6862
1027,96.0668
1028,95.5604
1029,95.834
1030,95.6351
1031,95.7605
1032,95.6742
1033,95.7491
1034,95.7273
1035,95.8905
1036,96.0749
1037,96.0278
1038,95.8194
1039,95.8479
1040,95.8411
1041,95.9434
1042,96.0757
1043,96.048
1044,95.97
1045,95.8192
1046,95.6018
1047,95.1915
1048,95.3615
1049,95.1991
1050,95.2418
1051,95.3393
1052,95.2311
1053,95.8065
1054,95.6946
1055,95.6605
1056,95.5264
1057,95.4853
1058,95.7509
1059,95.5967
1060,95.4839
1061,95.1103
1062,95.3734
1063,95.6292
1064,95.8177
1065,95.5187
1066,95.3438
1067,95.4444
1068,95.5029
1069,95.4538
1070,95.286
1071,95.0938
1072,95.6896
1073,95.7075
1074,95.7566
1075,95.9147
1076,95.7533
1077,95.6519
1078,95.7024
1079,95.8219
1080,95.8268
1081,95.8721
1082,96.0152
1083,95.8952
1084,95.7694
1085,95.5784
1086,95.8333
1087,95.3892
1088,95.4043
1089,95.416
1090,95.5373
1091,95.6774
1092,96.0587
1093,95.8987
1094,95.5606
1095,95.6026
1096,95.5651
1097,95.4741
1098,95.6274
1099,95.8266
1100,95.6092
1101,95.2502
1102,95.6233
1103,95.7097
1104,95.2419
1105,95.3493
1106,95.5042
1107,95.6197
1108,95.4828
1109,95.4057
1110,95.1923
1111,95.3918
1112,95.2848
1113,95.3388
1114,95.5086
1115,95.7936
1116,95.6792
1117,95.3993
1118,95.4351
1119,95.3591
1120,94.8419
1121,94.7416
1122,94.6591
1123,94.7921
1124,94.8247
1125,94.7031
1126,94.6054
1127,94.7722
1128,94.6178
1129,94.7515
1130,94.6527
1131,94.5152
1132,94.4891
1133,94.4728
1134,94.5436
1135,94.4562
1136,94.5121
1137,94.371
1138,94.3123
1139,94.3068
1140,94.4567
1141,94.4319
1142,94.5766
1143,94.6187
1144,94.6053
1145,94.9412
1146,95.2829
1147,95.0039
1148,94.9558
1149,95.0534
1150,94.709
1151,94.7998
1152,94.7289
1153,94.5137
1154,94.487
1155,94.6425
1156,94.6294
1157,94.5003
1158,94.5119
1159,94.2715
1160,94.1819
1161,94.3704
1162,94.2734
1163,94.272
1164,94.3202
1165,94.5658
1166,94.463
1167,94.3044
1168,94.4656
1169,94.5371
1170,94.6146
1171,94.7727
1172,94.8127
1173,94.6082
1174,94.7247
1175,94.7312
1176,95.0765
1177,95.011
1178,95.3004
1179,95.3255
1180,95.5205
1181,95.1763
1182,95.4413
1183,95.5364
1184,95.288
1185,95.5408
1186,95.2674
1187,95.3193
1188,95.2683
1189,95.0414
1190,95.0924
1191,95.31
1192,95.0935
1193,95.2589
1194,94.9822
1195,95.0178
1196,95.0522
1197,95.1014
1198,95.3742
1199,95.368
1200,95.3826
1201,95.4942
1202,95.1458
1203,95.0431
1204,95.2876
1205,95.356
1206,95.3723
1207,95.1196
1208,95.1417
1209,95.1496
1210,94.881
1211,94.7586
1212,95.1434
1213,95.1199
1214,94.8067
1215,94.8974
1216,94.9747
1217,95.2217
1218,95.4205
1219,95.2627
1220,95.1093
1221,95.1091
1222,94.9237
1223,94.8476
1224,94.8918
1225,94.7733
1226,94.9257
1227,94.9295
1228,94.988
1229,94.9087
1230,95.124
1231,95.2227
1232,95.1904
1233,95.059
1234,94.9261
1235,94.7289
1236,95.0375
1237,95.1952
1238,95.0037
1239,95.178
1240,95.0999
1241,94.9423
1242,94.7145
1243,94.9974
1244,94.9672
1245,95.0496
1246,94.8047
1247,94.7115
1248,94.7611
1249,94.8622
1250,94.8148
1251,94.6175
1252,94.6297
1253,94.7686
1254,94.9493
1255,95.0137
1256,95.0007
1257,95.112
1258,94.8089
1259,94.8087
1260,95.1648
1261,95.135
1262,95.0753
1263,95.2119
1264,95.0816
1265,95.1134
1266,95.5185
1267,95.6108
1268,95.3551
1269,95.4043
1270,95.1394
1271,95.0606
1272,94.9138
1273,95.2334
1274,95.1703
1275,94.9915
1276,95.1741
1277,95.2935
1278,95.0921
1279,95.076
1280,94.9478
1281,95.1812
1282,95.41
1283,95.2568
1284,95.4098
1285,95.4164
1286,95.7202
1287,95.8986
1288,95.6767
1289,95.5343
1290,95.5122
1291,95.0844
1292,95.1972
1293,95.1119
1294,95.3619
1295,95.242
1296,95.4887
1297,95.5334
1298,95.4508
1299,95.2186
1300,95.3328
1301,95.2514
1302,95.0625
1303,95.1432
1304,95.3082
1305,95.3795
1306,95.1264
1307,94.8154
1308,94.8187
1309,95.0863
1310,95.2271
1311,94.9792
1312,95.0866
1313,95.2069
1314,95.5128
1315,95.3442
1316,95.2563
1317,95.4738
1318,95.2594
1319,95.4798
1320,95.8779
1321,95.5401
1322,95.2973
1323,94.9531
1324,94.6006
1325,94.4183
1326,94.311
1327,94.7821
1328,94.5248
1329,94.4182
1330,94.6875
1331,94.6787
1332,94.6258
1333,94.5447
1334,94.4795
1335,94.4442
1336,94.4516
1337,94.507
1338,94.5434
1339,94.7412
1340,94.6641
1341,94.756
1342,94.7417
1343,94.7253
1344,94.7164
1345,94.3246
1346,94.5925
1347,94.3592
1348,94.7302
1349,94.837
1350,94.7958
1351,94.8472
1352,94.9733
1353,95.2981
1354,95.2034
1355,95.3697
1356,94.8649
1357,94.8271
1358,94.7595
1359,94.958
1360,94.9008
1361,95.0252
1362,95.0642
1363,95.1873
1364,95.3496
1365,95.2208
1366,95.1946
1367,95.4276
1368,95.4016
1369,95.197
1370,95.4018
1371,95.9874
1372,95.6973
1373,95.5535
1374,95.3402
1375,95.2127
1376,95.3533
1377,95.6098
1378,95.5778
1379,95.61
1380,95.1429
1381,95.0141
1382,94.8681
1383,95.1614
1384,95.2081
1385,94.9318
1386,95.2366
1387,95.5221
1388,95.3851
1389,95.3548
1390,95.2892
1391,95.1849
1392,95.2117
1393,94.9402
1394,95.1704
1395,95.0788
1396,94.8628
1397,95.1584
1398,95.4546
1399,95.2648
1400,95.1375
1401,95.1574
1402,95.1185
1403,95.4281
1404,95.4513
1405,95.7769
1406,95.3946
1407,95.6544
1408,95.4105
1409,95.5525
1410,95.7383
1411,95.6544
1412,95.6783
1413,95.4647
1414,95.8821
1415,95.6715
1416,95.7518
1417,95.4714
1418,95.5054
1419,95.696
1420,95.5118
1421,95.5216
1422,95.2953
1423,95.3678
1424,95.3804
1425,95.1312
1426,95.1866
1427,95.1714
1428,94.9741
1429,94.7283
1430,94.6871
1431,94.6599
1432,94.5567
1433,94.5683
1434,94.8585
1435,94.8232
1436,94.8102
1437,94.9766
1438,94.8399
1439,94.7584
1440,95.1082
1441,95.1674
1442,95.0614
1443,95.2069
1444,94.9198
1445,95.0573
1446,95.1457
1447,95.4692
1448,95.5443
1449,95.4766
1450,95.6614
1451,95.5741
1452,95.4639
1453,95.536
1454,95.411
1455,95.3776
1456,95.3795
1457,95.2482
1458,95.2084
1459,95.2449
1460,95.2985
1461,95.1315
1462,95.1809
1463,95.2383
1464,94.9501
1465,94.9954
1466,95.3825
1467,95.3388
1468,95.2533
1469,95.2217
1470,95.1453
1471,94.9413
1472,95.0868
1473,95.2852
1474,95.4013
1475,95.1059
1476,94.9266
1477,95.1845
1478,95.1389
1479,95.2336
1480,95.0512
1481,95.0304
1482,95.1962
1483,94.8382
1484,95.1096
1485,94.9752
1486,94.7144
1487,94.9127
1488,94.8985
1489,95.0478
1490,94.9996
1491,95.3154
1492,95.6158
1493,95.6916
1494,95.7267
1495,95.3896
1496,95.6633
1497,95.3885
1498,95.3549
1499,95.4097
1500,95.1852
1501,95.5107
1502,95.4318
1503,95.4879
1504,95.3318
1505,95.4866
1506,95.2611
1507,95.2878
1508,95.1981
1509,95.2862
1510,95.3978
1511,95.115
1512,95.0885
1513,94.8845
1514,94.7245
1515,94.8361
1516,94.539
1517,94.8614
1518,94.6509
1519,94.7968
1520,95.182
1521,95.2503
1522,95.2236
1523,94.9176
1524,95.2001
1525,95.2584
1526,95.0922
1527,95.346
1528,95.4714
1529,95.612
1530,95.3517
1531,95.7851
1532,95.715
1533,95.6618
1534,95.6801
1535,95.677
1536,95.3814
1537,95.2692
1538,95.4379
1539,95.5297
1540,95.5629
1541,95.3171
1542,95.0495
1543,95.3478
1544,95.7055
1545,95.8591
1546,95.7261
1547,95.4376
1548,95.4518
1549,95.4276
1550,95.5119
1551,95.6642
1552,95.3001
1553,95.033
1554,95.141
1555,95.056
1556,94.873
1557,95.0223
1558,95.1482
1559,95.1348
1560,95.1874
1561,95.0107
1562,94.9103
1563,94.7674
1564,94.8089
1565,94.7811
1566,94.8537
1567,94.767
1568,95.0265
1569,94.9668
1570,95.0602
1571,94.8852
1572,94.9942
1573,95.0037
1574,95.1282
1575,94.9783
1576,94.9904
1577,94.9006
1578,95.156
1579,95.0165
1580,95.1506
1581,94.9508
1582,94.9041
1583,95.0558
1584,94.987
1585,95.1336
1586,94.9769
1587,94.7228
1588,94.9377
1589,94.965
1590,94.8942
1591,94.8733
1592,94.9917
1593,94.9711
1594,95.0573
1595,94.9013
1596,94.918
1597,94.9506
1598,94.9486
1599,94.6654
1600,95.0378
1601,95.1941
1602,95.2782
1603,95.111
1604,94.9368
1605,94.9553
1606,95.0005
1607,94.9327
1608,95.2226
1609,95.0219
1610,94.8495
1611,94.9548
1612,95.0789
1613,95.1653
1614,95.3018
1615,95.1415
1616,94.984
1617,95.0488
1618,95.2426
1619,95.1652
1620,95.2452
1621,95.0638
1622,95.2002
1623,95.0543
1624,95.0353
1625,95.0341
1626,95.0407
1627,95.0185
1628,95.0708
1629,94.8996
1630,94.927
1631,94.857
1632,95.1696
1633,95.1343
1634,94.9467
1635,95.2168
1636,95.0872
1637,95.2955
1638,95.1669
1639,95.4057
1640,95.0004
1641,94.8844
1642,94.9566
1643,94.937
1644,95.1841
1645,95.2985
1646,95.0361
1647,94.9297
1648,94.6274
1649,94.9818
1650,94.7837
1651,94.5179
1652,94.6356
1653,94.5449
1654,94.5645
1655,94.5655
1656,94.597
1657,94.5817
1658,94.5757
1659,94.7309
1660,94.5279
1661,94.5961
1662,94.4593
1663,94.244
1664,94.2021
1665,94.1956
1666,94.3806
1667,94.4077
1668,94.3935
1669,94.5146
1670,94.2899
1671,94.4298
1672,94.7983
1673,95.106
1674,94.9606
1675,95.2577
1676,95.024
1677,94.9495
1678,95.0232
1679,94.6847
1680,94.7264
1681,95.0186
1682,95.0846
1683,94.7703
1684,94.7305
1685,94.9466
1686,94.7901
1687,94.745
1688,94.7154
1689,94.6271
1690,94.7363
1691,94.65
1692,94.8378
1693,94.9878
1694,95.0106
1695,94.9897
1696,95.0774
1697,94.9426
1698,95.0444
1699,95.1729
1700,95.0254
1701,94.8917
1702,95.0649
1703,94.8824
1704,94.872
1705,94.8268
1706,94.5931
1707,94.7138
1708,94.91
1709,94.9607
1710,95.0125
1711,95.0269
1712,95.0615
1713,95.0417
1714,95.2812
1715,95.2144
1716,95.545
1717,95.2732
1718,95.1194
1719,95.311
1720,95.4063
1721,95.2741
1722,95.0146
1723,95.1092
1724,95.2712
1725,95.3517
1726,95.2963
1727,94.838
1728,94.8691
1729,94.875
1730,94.996
1731,94.7888
1732,94.9571
1733,95.0638
1734,95.0067
1735,95.4273
1736,95.2719
1737,95.3593
1738,95.2345
1739,95.1732
1740,94.8222
1741,95.2412
1742,95.4218
1743,95.2046
1744,95.2986
1745,95.1446
1746,95.2664
1747,95.3165
1748,95.4457
1749,95.8837
1750,95.707
1751,95.7277
1752,95.7674
1753,95.6319
1754,95.7654
1755,95.5015
1756,95.6081
1757,95.463
1758,95.4988
1759,95.7532
1760,95.7741
1761,95.8796
1762,95.7782
1763,96.0219
1764,96.1136
1765,95.7167
1766,95.6818
1767,95.7791
1768,95.7697
1769,95.6919
1770,95.7555
1771,95.8015
1772,95.7811
1773,95.6909
1774,95.6497
1775,95.3593
1776,95.6834
1777,95.6454
1778,95.6841
1779,95.2574
1780,94.9451
1781,95.1372
1782,95.3666
1783,95.3487
1784,95.4165
1785,95.3524
1786,95.3288
1787,95.4743
1788,95.0169
1789,95.0925
1790,95.1186
1791,95.3202
1792,95.219
1793,95.1481
1794,95.2966
1795,95.1325
1796,95.1662
1797,95.0117
1798,95.0775
1799,95.3259
1800,95.2799
1801,95.4425
1802,95.3637
1803,95.4411
1804,95.294
1805,95.8803
1806,95.7321
1807,95.4186
1808,95.4119
1809,95.4827
1810,95.5392
1811,95.6271
1812,95.3746
1813,95.5939
1814,95.8033
1815,95.5378
1816,95.5416
1817,95.4835
1818,95.7976
1819,96.0305
1820,95.6893
1821,96.0639
1822,95.9317
1823,95.8906
1824,95.7874
1825,95.7338
1826,95.4158
1827,95.4471
1828,95.6007
1829,95.3614
1830,95.5488
1831,95.7488
1832,95.6023
1833,95.5284
1834,95.9029
1835,96.2788
1836,96.0569
1837,95.8583
1838,95.6723
1839,95.6538
1840,96.0186
1841,95.4826
1842,95.6741
1843,95.8286
1844,96.0004
1845,95.5872
1846,95.5286
1847,95.5091
1848,95.9302
1849,95.8449
1850,95.6601
1851,95.792
1852,95.6832
1853,95.5268
1854,95.8709
1855,95.5977
1856,95.4748
1857,95.2286
1858,95.5825
1859,95.6295
1860,95.3863
1861,95.276
1862,95.4952
1863,95.5889
1864,95.7563
1865,95.8757
1866,95.547
1867,95.3819
1868,94.9652
1869,95.1755
1870,95.0733
1871,95.016
1872,95.015
1873,95.0442
1874,95.2011
1875,95.2375
1876,95.2716
1877,95.3487
1878,95.2917
1879,95.0905
1880,95.1911
1881,95.4832
1882,95.2044
1883,95.2142
1884,95.1221
1885,95.4004
1886,95.0189
1887,94.9477
1888,95.0216
1889,95.2447
1890,95.1439
1891,95.0839
1892,95.0485
1893,94.8436
1894,94.7059
1895,94.7647
1896,94.9328
1897,94.6727
1898,94.5493
1899,94.3396
1900,94.1694
1901,94.2623
1902,94.4521
1903,94.7466
1904,94.734
1905,94.6152
1906,94.4509
1907,94.4036
1908,94.3381
1909,94.4163
1910,94.7061
1911,94.3668
1912,94.518
1913,94.5021
1914,94.3236
1915,94.4709
1916,94.4316
1917,94.4647
1918,94.2696
1919,94.3103
1920,94.1527
1921,94.1809
1922,94.3026
1923,94.2662
1924,94.1677
1925,94.3555
1926,94.4022
1927,94.4764
1928,94.3918
1929,94.5859
1930,94.385
1931,94.3675
1932,94.5398
1933,94.6906
1934,94.8391
1935,94.6533
1936,94.7807
1937,95.0104
1938,95.1048
1939,95.096
1940,95.2476
1941,94.9278
1942,95.1236
1943,94.9473
1944,95.0358
1945,95.3528
1946,95.0301
1947,95.1514
1948,95.1205
1949,95.076
1950,95.0719
1951,94.8176
1952,94.5816
1953,94.5771
1954,94.5827
1955,94.7552
1956,94.7404
1957,95.0266
1958,94.8972
1959,94.9497
1960,94.9294
1961,94.7008
1962,94.8451
1963,94.6819
1964,95.132
1965,95.1011
1966,95.3555
1967,95.6731
1968,95.0657
1969,95.1899
1970,95.1503
1971,95.1846
1972,95.3444
1973,95.4006
1974,95.4868
1975,95.8365
1976,96.252
1977,96.3345
1978,96.161
1979,96.0513
1980,95.922
1981,95.9414
1982,96.0949
1983,95.7332
1984,95.8642
1985,95.6303
1986,95.1374
1987,95.0459
1988,95.2172
1989,95.159
1990,95.124
1991,95.4795
1992,95.6423
1993,95.4713
1994,95.462
1995,95.6116
1996,95.4186
1997,95.3435
1998,95.3942
1999,95.2818
