0,310.315
1,300.996
2,291.516
3,282.683
4,275.273
5,268.103
6,262.362
7,257.446
8,255.352
9,250.919
10,246.091
11,242.418
12,239.534
13,235.148
14,232.423
15,227.873
16,221.724
17,216.762
18,211.846
19,208.835
20,206.31
21,202.712
22,199.847
23,196.589
24,192.868
25,189.149
26,187.409
27,183.552
28,181.812
29,175.874
30,172.617
31,170.936
32,167.949
33,165.899
34,163.4
35,160.872
36,158.416
37,154.414
38,153.86
39,151.575
40,150.466
41,149.28
42,148.588
43,148.579
44,147.5
45,146.995
46,146.506
47,145.399
48,143.324
49,142.314
50,141.658
51,141.628
52,142.148
53,140.981
54,142.57
55,142.883
56,141.553
57,141.374
58,141.537
59,142.218
60,142.123
61,141.315
62,140.941
63,139.776
64,139.204
65,138.596
66,138.627
67,138.288
68,138.333
69,138.043
70,139.049
71,138.974
72,139.269
73,140.24
74,139.542
75,140.266
76,140.541
77,141.167
78,141.342
79,139.947
80,140.046
81,140.101
82,138.476
83,137.862
84,137.718
85,137.385
86,136.671
87,136.827
88,134.831
89,135.111
90,133.834
91,134.371
92,135.481
93,135.935
94,136.48
95,135.511
96,136.325
97,135.427
98,135.158
99,134.451
100,134.358
101,134.081
102,133.948
103,133.159
104,132.516
105,132.162
106,133.356
107,133.944
108,133.476
109,133.878
110,135.286
111,135.424
112,135.496
113,135.519
114,135.51
115,134.722
116,136.383
117,136.125
118,136.265
119,134.922
120,133.724
121,134.062
122,132.052
123,132.561
124,132.532
125,131.22
126,132.548
127,132.817
128,131.278
129,129.302
130,128.741
131,128.804
132,127.091
133,126.154
134,124.988
135,124.085
136,124.729
137,125.453
138,125.434
139,125.536
140,125.507
141,124.485
142,123.918
143,124.156
144,123.995
145,124.103
146,123.378
147,122.982
148,123.119
149,122.086
150,122.019
151,121.937
152,121.589
153,121.324
154,120.307
155,119.942
156,119.362
157,118.56
158,118.714
159,117.9
160,116.842
161,117.208
162,117.608
163,117.226
164,116.913
165,116.854
166,116.967
167,116.207
168,115.455
169,115.094
170,114.976
171,114.652
172,115.16
173,114.656
174,115.202
175,114.791
176,114.387
177,114.506
178,114
179,114.812
180,114.886
181,115.009
182,114.884
183,114.641
184,115.015
185,115.107
186,114.456
187,114.65
188,114.986
189,115.276
190,115.257
191,114.727
192,114.504
193,114.209
194,113.708
195,113.415
196,112.961
197,113.555
198,114.085
199,113.546
200,113.827
201,113.882
202,113.281
203,113.817
204,113.274
205,113.124
206,112.882
207,112.943
208,112.609
209,112.337
210,112.41
211,111.951
212,111.819
213,112.674
214,112.315
215,111.754
216,111.663
217,111.741
218,111.699
219,111.6
220,111.357
221,110.78
222,111.149
223,111.212
224,110.906
225,110.833
226,111.251
227,110.727
228,110.836
229,110.39
230,110.333
231,110.429
232,110.563
233,111.067
234,110.837
235,110.773
236,110.415
237,110.414
238,110.828
239,110.613
240,110.619
241,110.448
242,109.986
243,110.821
244,111.469
245,111.934
246,111.335
247,112.095
248,112.45
249,111.413
250,111.661
251,111.341
252,111.559
253,111.811
254,111.866
255,111.805
256,111.282
257,111.067
258,110.631
259,111.238
260,111.112
261,110.66
262,110.131
263,110.907
264,110.825
265,110.396
266,110.354
267,109.796
268,110.027
269,109.864
270,109.69
271,109.897
272,109.472
273,109.202
274,109.447
275,109.181
276,109.426
277,110.096
278,109.893
279,110.205
280,109.482
281,109.26
282,109.14
283,109.229
284,109.498
285,109.611
286,109.53
287,110.346
288,110.374
289,110.553
290,110.11
291,109.655
292,109.939
293,109.996
294,110.141
295,110.468
296,110.717
297,110.798
298,110.594
299,110.144
300,110.198
301,110.343
302,110.853
303,110.759
304,110.345
305,109.665
306,110.209
307,110.743
308,110.724
309,111.646
310,112.143
311,112.865
312,112.77
313,112.754
314,113.411
315,113.382
316,114.257
317,115.147
318,116.119
319,116.82
320,117.072
321,117.084
322,117.555
323,118.16
324,117.81
325,117.113
326,119.188
327,119.195
328,118.656
329,118.589
330,118.609
331,119.374
332,119.87
333,119.267
334,119.496
335,119.895
336,119.822
337,119.559
338,120.594
339,120.792
340,120.498
341,120.713
342,120.539
343,120.268
344,120.291
345,120.154
346,118.451
347,118.889
348,118.626
349,117.958
350,117.959
351,118.005
352,117.826
353,116.457
354,117.438
355,117.226
356,116.368
357,115.629
358,114.957
359,113.909
360,114.577
361,116.576
362,115.515
363,115.354
364,115.015
365,114.918
366,114.017
367,113.985
368,113.823
369,114.318
370,114.245
371,113.857
372,114.857
373,114.799
374,114.338
375,113.933
376,112.945
377,112.339
378,111.856
379,112.062
380,111.842
381,110.939
382,111.421
383,110.042
384,109.748
385,109.525
386,108.856
387,108.296
388,108.047
389,108.754
390,108.168
391,107.966
392,108.359
393,108.252
394,108.453
395,108.295
396,108.542
397,108.537
398,109.149
399,109.133
400,108.864
401,108.711
402,108.284
403,108.272
404,108.654
405,108.417
406,108.064
407,108.747
408,108.021
409,107.713
410,109.045
411,109.438
412,110.362
413,109.723
414,110.657
415,112.44
416,112.644
417,112.691
418,112.191
419,112.979
420,113.036
421,112.366
422,113.194
423,112.923
424,111.721
425,110.158
426,108.836
427,107.904
428,106.922
429,106.164
430,105.61
431,104.349
432,103.943
433,104.055
434,103.677
435,103.479
436,103.421
437,102.187
438,101.516
439,101.23
440,100.903
441,100.325
442,100.869
443,99.8898
444,98.9794
445,99.2349
446,99.2037
447,98.2564
448,97.9801
449,97.7114
450,97.525
451,97.9179
452,97.9011
453,97.9176
454,97.8141
455,97.5842
456,97.4794
457,97.6243
458,97.0288
459,97.2782
460,97.2015
461,97.2698
462,96.8979
463,96.6894
464,96.6804
465,96.6642
466,96.6945
467,96.6385
468,96.5365
469,96.2649
470,96.8547
471,96.7174
472,96.4362
473,96.227
474,96.0811
475,95.9681
476,95.8224
477,96.3108
478,95.9985
479,95.8109
480,95.6613
481,95.688
482,95.6085
483,95.8951
484,95.8647
485,95.8683
486,95.6168
487,95.9734
488,95.897
489,95.7116
490,95.7221
491,95.9949
492,95.7623
493,95.7585
494,95.822
495,95.8325
496,96.1364
497,96.127
498,95.7338
499,95.851
500,95.355
501,94.9815
502,95.3183
503,95.2155
504,94.7291
505,94.9026
506,94.7174
507,94.6075
508,94.4994
509,94.7192
510,94.6485
511,94.6906
512,94.8677
513,94.9887
514,94.851
515,94.6807
516,94.6731
517,94.4533
518,94.281
519,94.3262
520,94.2502
521,94.2345
522,94.4381
523,94.5264
524,94.2602
525,94.564
526,94.6315
527,94.9197
528,95.2285
529,95.3833
530,95.1571
531,95.0731
532,95.3264
533,95.4712
534,95.5329
535,95.4754
536,95.6133
537,95.5801
538,95.2177
539,95.2744
540,95.5825
541,95.1262
542,95.2189
543,94.9603
544,95.3551
545,95.5688
546,95.7243
547,95.5622
548,95.5209
549,95.3397
550,95.5454
551,95.7041
552,95.9905
553,96.0611
554,95.6255
555,95.5485
556,95.6513
557,95.6339
558,95.6413
559,95.5917
560,95.404
561,95.5975
562,95.479
563,95.1812
564,95.2409
565,95.1624
566,95.221
567,95.3596
568,95.3159
569,95.7538
570,95.6256
571,95.6512
572,95.5713
573,95.9772
574,95.9147
575,95.8552
576,96.1307
577,96.3499
578,96.25
579,96.6434
580,96.2758
581,95.9428
582,95.6532
583,95.8612
584,95.7518
585,95.5403
586,95.4224
587,95.7676
588,95.6008
589,95.7639
590,95.8394
591,95.8078
592,95.8627
593,95.7253
594,95.7164
595,95.964
596,95.7523
597,95.8571
598,95.7147
599,95.5616
600,95.3535
601,95.1534
602,95.3924
603,95.32
604,95.3561
605,95.3843
606,95.3107
607,95.2319
608,95.1036
609,94.951
610,95.2091
611,94.9474
612,94.9139
613,95.1469
614,94.7684
615,94.757
616,94.995
617,95.0449
618,95.5239
619,95.4669
620,95.4125
621,95.3351
622,95.07
623,95.2761
624,95.5038
625,95.4483
626,95.4663
627,95.4479
628,95.4834
629,95.7383
630,96.0379
631,95.7721
632,95.836
633,95.9835
634,95.7342
635,95.9398
636,95.6499
637,95.7713
638,95.4257
639,95.6074
640,95.6917
641,95.8985
642,95.83
643,96.1784
644,96.0865
645,95.9605
646,96.418
647,96.3619
648,96.3293
649,96.1041
650,95.9716
651,95.9392
652,95.7663
653,96.064
654,96.017
655,95.6244
656,95.793
657,95.9459
658,95.8716
659,95.977
660,96.0735
661,96.051
662,95.8361
663,95.9629
664,95.9536
665,95.6514
666,95.6801
667,95.7768
668,96.1504
669,95.946
670,95.4928
671,95.8347
672,96.0294
673,95.8706
674,95.5545
675,95.6915
676,95.521
677,95.6854
678,95.7434
679,95.3641
680,95.0002
681,94.9961
682,94.776
683,94.9387
684,94.7442
685,94.9275
686,94.7774
687,94.8839
688,95.0351
689,95.1752
690,95.0612
691,95.0335
692,94.8183
693,94.7271
694,94.5967
695,94.8806
696,94.7424
697,94.7768
698,94.8486
699,94.7274
700,95.0948
701,95.2979
702,95.2646
703,95.121
704,95.0697
705,95.1605
706,95.2186
707,95.3938
708,95.1942
709,94.9429
710,95.1499
711,95.1027
712,95.4988
713,95.4207
714,95.3021
715,95.1324
716,95.3787
717,95.3813
718,95.2742
719,95.3123
720,95.036
721,95.1231
722,95.1749
723,95.0178
724,95.1371
725,95.1815
726,95.2548
727,95.0562
728,94.9416
729,95.2262
730,94.8836
731,95.0648
732,95.4293
733,94.8306
734,94.799
735,94.7109
736,94.7024
737,94.774
738,95.3253
739,95.5847
740,95.3293
741,95.0739
742,95.0428
743,94.8622
744,94.8779
745,94.8274
746,94.6364
747,94.6176
748,94.8252
749,95.0397
750,95.3383
751,95.2182
752,95.1687
753,95.3218
754,95.2615
755,95.3061
756,95.232
757,95.3799
758,95.4466
759,95.6613
760,95.6527
761,95.9866
762,95.5036
763,95.6547
764,95.5983
765,95.7293
766,95.9589
767,95.8208
768,96.1032
769,95.7666
770,95.6431
771,95.6364
772,95.7269
773,95.3105
774,95.2774
775,95.349
776,95.4536
777,95.2753
778,95.7488
779,95.5934
780,95.5366
781,95.8304
782,95.56
783,95.5533
784,95.3552
785,95.352
786,95.4149
787,95.2677
788,95.1539
789,94.6354
790,94.6276
791,94.9614
792,95.216
793,95.1104
794,95.3124
795,95.085
796,95.211
797,95.2835
798,95.4731
799,95.3825
800,95.6481
801,95.4002
802,95.438
803,95.4009
804,95.2923
805,95.2547
806,95.1939
807,95.4653
808,95.3832
809,95.3266
810,95.1965
811,95.1601
812,95.1231
813,95.098
814,95.445
815,95.6934
816,95.6274
817,95.4486
818,95.081
819,95.1965
820,95.2853
821,95.2882
822,95.2665
823,95.561
824,95.6766
825,95.3392
826,95.8612
827,96.0482
828,96.2013
829,96.1461
830,95.8344
831,96.0178
832,95.8753
833,95.718
834,95.6211
835,95.4356
836,95.3285
837,95.4494
838,95.6603
839,95.727
840,95.4119
841,95.5783
842,95.4664
843,95.2757
844,95.4087
845,95.5313
846,95.5157
847,95.625
848,95.4448
849,95.2091
850,95.3346
851,95.2664
852,95.6468
853,95.5637
854,95.3723
855,95.2543
856,95.4413
857,95.5079
858,95.6258
859,95.285
860,95.573
861,95.6477
862,95.4726
863,95.5601
864,95.3398
865,95.5148
866,95.572
867,95.5978
868,95.8665
869,95.4597
870,95.6775
871,95.4587
872,95.2843
873,95.2179
874,95.2982
875,95.0636
876,95.079
877,95.1628
878,94.9955
879,95.3175
880,95.1299
881,95.2059
882,95.4368
883,95.2237
884,94.9369
885,94.9601
886,94.9041
887,94.7359
888,94.8538
889,94.8569
890,95.0372
891,94.8702
892,94.9432
893,94.8799
894,94.7878
895,94.8067
896,94.8188
897,94.7902
898,94.9903
899,94.8387
900,94.8591
901,94.5611
902,94.4929
903,94.6747
904,94.8049
905,94.6792
906,94.7634
907,95.1961
908,95.1899
909,95.3556
910,95.0728
911,94.5989
912,94.7672
913,94.6347
914,94.7475
915,94.8357
916,94.8118
917,94.4989
918,94.5642
919,94.6325
920,94.7926
921,94.8515
922,94.8142
923,94.9274
924,94.9934
925,94.73
926,95.0245
927,94.8784
928,94.7997
929,94.7667
930,94.7738
931,95.0284
932,94.878
933,95.1798
934,94.8604
935,94.6336
936,94.6477
937,94.979
938,94.8749
939,95.0929
940,95.015
941,95.0371
942,95.0095
943,95.1983
944,95.3546
945,95.3784
946,95.4625
947,95.483
948,95.3956
949,95.4241
950,95.3088
951,95.2088
952,95.0016
953,95.0621
954,95.3442
955,95.359
956,94.9749
957,94.8258
958,95.1487
959,95.358
960,95.2955
961,95.2264
962,95.3066
963,95.3078
964,95.2235
965,94.7
966,94.594
967,94.4572
968,94.4611
969,94.3586
970,94.2434
971,94.4115
972,94.3249
973,94.3825
974,94.304
975,94.2885
976,94.3935
977,94.3446
978,94.2138
979,94.1729
980,94.2592
981,94.1089
982,93.9508
983,94.0009
984,94.0759
985,94.0832
986,94.1287
987,94.221
988,94.2994
989,94.3353
990,94.2336
991,94.3176
992,94.4175
993,94.5813
994,94.729
995,94.5934
996,94.4978
997,94.5412
998,94.6373
999,94.9658
1000,94.647
1001,94.5362
1002,94.6239
1003,94.6797
1004,94.6732
1005,94.9054
1006,94.8913
1007,94.6928
1008,94.5327
1009,94.5864
1010,94.6572
1011,94.7266
1012,94.7366
1013,94.922
1014,95.2428
1015,95.0549
1016,95.3131
1017,95.1978
1018,95.2446
1019,95.183
1020,95.3751
1021,95.5462
1022,95.4702
1023,95.3244
1024,95.3759
1025,95.4853
1026,95.3246
1027,95.3263
1028,95.127
1029,95.3627
1030,95.1379
1031,95.2768
1032,95.0329
1033,95.067
1034,94.9011
1035,94.7523
1036,94.9112
1037,94.7747
1038,94.8325
1039,95.2545
1040,95.0786
1041,95.2343
1042,95.262
1043,95.3019
1044,95.3191
1045,95.0576
1046,95.0664
1047,94.9446
1048,95.3213
1049,95.0693
1050,95.3684
1051,95.2116
1052,95.1203
1053,94.9078
1054,95.0478
1055,95.0471
1056,94.921
1057,94.9269
1058,94.8372
1059,94.8424
1060,94.966
1061,95.2116
1062,95.0022
1063,94.7978
1064,94.7806
1065,94.6693
1066,94.7615
1067,94.6505
1068,94.8121
1069,94.9222
1070,94.7566
1071,94.6413
1072,94.8642
1073,95.0042
1074,94.8477
1075,94.8051
1076,94.9323
1077,95.1651
1078,95.3756
1079,95.0518
1080,94.9433
1081,94.9564
1082,94.8373
1083,94.8549
1084,94.7871
1085,94.8479
1086,95.0119
1087,95.15
1088,95.2115
1089,95.4698
1090,95.2752
1091,94.9995
1092,94.8794
1093,94.9495
1094,95.0258
1095,94.6826
1096,94.5631
1097,94.5597
1098,94.4897
1099,94.4945
1100,94.4721
1101,94.6112
1102,94.734
1103,94.6558
1104,94.6835
1105,94.8019
1106,95.0614
1107,95.0419
1108,94.9195
1109,94.91
1110,94.8714
1111,94.7003
1112,94.8005
1113,94.9011
1114,94.9669
1115,94.9532
1116,95.0561
1117,94.905
1118,95.0201
1119,94.9201
1120,95.1076
1121,95.0935
1122,95.0334
1123,95.1281
1124,94.879
1125,94.8869
1126,94.8658
1127,94.7272
1128,95.0357
1129,94.9492
1130,95.0068
1131,94.9816
1132,94.9766
1133,95.0558
1134,95.0165
1135,94.8953
1136,94.8737
1137,94.8399
1138,94.6234
1139,94.5812
1140,94.9721
1141,95.04
1142,94.871
1143,94.8044
1144,94.7729
1145,94.7527
1146,94.6851
1147,94.8886
1148,94.7992
1149,94.6204
1150,94.535
1151,94.396
1152,94.5266
1153,94.5155
1154,94.4609
1155,94.7043
1156,94.6326
1157,94.4922
1158,94.6354
1159,94.699
1160,94.9498
1161,94.9029
1162,94.9102
1163,94.9831
1164,94.7147
1165,94.8111
1166,95.0003
1167,94.8247
1168,94.4972
1169,94.6345
1170,94.5974
1171,94.5171
1172,94.7112
1173,94.6553
1174,94.5004
1175,94.2703
1176,94.366
1177,94.2288
1178,94.2116
1179,94.1884
1180,94.2247
1181,94.2776
1182,94.3751
1183,94.5079
1184,94.3009
1185,94.2975
1186,94.4031
1187,94.5779
1188,94.4291
1189,94.6081
1190,94.6344
1191,94.6568
1192,94.5683
1193,94.5387
1194,94.7655
1195,95.103
1196,94.972
1197,94.9282
1198,95.0078
1199,94.7757
1200,94.7738
1201,94.6678
1202,94.8703
1203,95.1023
1204,95.2659
1205,95.7834
1206,95.6128
1207,95.2047
1208,95.3122
1209,95.5984
1210,95.5719
1211,95.9347
1212,95.4832
1213,95.6323
1214,95.8341
1215,95.5585
1216,95.6773
1217,95.3584
1218,95.4001
1219,95.306
1220,95.2297
1221,95.4175
1222,95.2791
1223,95.3895
1224,95.2731
1225,95.5589
1226,95.709
1227,95.7707
1228,96.3174
1229,95.9095
1230,95.6798
1231,95.8529
1232,95.7885
1233,95.765
1234,95.7512
1235,95.6444
1236,95.6187
1237,95.6078
1238,95.879
1239,95.6148
1240,95.5947
1241,95.6966
1242,95.786
1243,95.502
1244,95.4025
1245,95.3843
1246,95.4342
1247,95.3756
1248,95.637
1249,95.7726
1250,95.9069
1251,95.6956
1252,95.3757
1253,95.1555
1254,95.1785
1255,95.2508
1256,95.5766
1257,95.5721
1258,95.452
1259,95.6309
1260,95.3988
1261,95.4209
1262,95.3014
1263,95.653
1264,95.4829
1265,95.4835
1266,95.4148
1267,95.3774
1268,95.7323
1269,95.6904
1270,95.4195
1271,95.0954
1272,95.0388
1273,95.3345
1274,95.0283
1275,95.2121
1276,95.3002
1277,95.3489
1278,95.4275
1279,95.4898
1280,95.37
1281,95.1539
1282,95.4779
1283,95.7873
1284,95.275
1285,95.5018
1286,95.2543
1287,95.3016
1288,95.4331
1289,95.3237
1290,95.1981
1291,95.4745
1292,95.2528
1293,95.4844
1294,95.4874
1295,95.4322
1296,95.2359
1297,95.1158
1298,95.1039
1299,95.1653
1300,95.372
1301,95.1275
1302,95.1722
1303,95.0571
1304,94.973
1305,94.7715
1306,94.9177
1307,94.8923
1308,95.1711
1309,95.2432
1310,95.1352
1311,95.0849
1312,94.9463
1313,95.2137
1314,95.0027
1315,95.0454
1316,95.0014
1317,94.6968
1318,94.6308
1319,94.6815
1320,94.8644
1321,94.6948
1322,94.9223
1323,95.0916
1324,94.8362
1325,94.6418
1326,94.7673
1327,94.7164
1328,94.8636
1329,94.5651
1330,94.643
1331,94.6674
1332,95.0189
1333,95.0379
1334,95.1519
1335,95.3715
1336,95.6618
1337,95.5663
1338,95.5306
1339,95.3774
1340,95.1781
1341,95.0953
1342,94.8953
1343,94.7681
1344,95.0804
1345,94.8948
1346,94.8981
1347,94.7971
1348,94.8233
1349,94.6893
1350,94.7999
1351,94.9237
1352,94.8567
1353,94.9443
1354,94.584
1355,94.582
1356,94.4548
1357,94.454
1358,94.7616
1359,95.0883
1360,95.0432
1361,94.8053
1362,94.8772
1363,94.7871
1364,94.5192
1365,94.675
1366,94.6035
1367,94.4667
1368,94.6294
1369,94.5947
1370,94.669
1371,94.6492
1372,94.6548
1373,94.6044
1374,94.5576
1375,94.9085
1376,95.1349
1377,95.1323
1378,95.1513
1379,95.3334
1380,95.1803
1381,95.0202
1382,95.066
1383,95.0615
1384,95.0549
1385,95.4142
1386,95.3228
1387,94.9724
1388,94.8109
1389,94.8901
1390,94.8173
1391,94.7061
1392,94.9251
1393,94.5799
1394,94.7768
1395,94.6835
1396,94.9477
1397,95.3205
1398,95.3066
1399,95.4612
1400,95.3282
1401,95.1102
1402,95.0769
1403,95.314
1404,95.5151
1405,95.619
1406,95.4378
1407,95.4707
1408,95.5056
1409,95.502
1410,95.557
1411,95.565
1412,95.6506
1413,95.4126
1414,95.4307
1415,95.4326
1416,95.2414
1417,95.4981
1418,95.5269
1419,95.397
1420,95.6727
1421,95.4522
1422,95.6807
1423,95.8246
1424,95.6311
1425,95.6116
1426,95.6675
1427,95.9444
1428,96.0521
1429,96.1177
1430,96.0013
1431,95.9741
1432,96.0695
1433,95.8515
1434,95.4225
1435,95.7277
1436,95.5007
1437,95.3494
1438,95.61
1439,95.4431
1440,95.5017
1441,95.4403
1442,95.4343
1443,95.3524
1444,95.2262
1445,95.2841
1446,95.5055
1447,95.3757
1448,95.2675
1449,95.2606
1450,95.5788
1451,95.5495
1452,95.5312
1453,95.3462
1454,95.3948
1455,95.3394
1456,95.1106
1457,95.3544
1458,95.5269
1459,95.7379
1460,95.7774
1461,95.92
1462,95.4259
1463,95.3238
1464,95.5229
1465,95.4205
1466,95.1511
1467,95.2919
1468,95.4195
1469,95.5293
1470,95.3022
1471,95.3776
1472,95.438
1473,95.2609
1474,95.1285
1475,95.3581
1476,95.6855
1477,95.6182
1478,95.5423
1479,95.8139
1480,95.5474
1481,95.44
1482,95.588
1483,95.4481
1484,95.5265
1485,95.7699
1486,95.9092
1487,95.8533
1488,95.895
1489,96.1182
1490,95.7664
1491,95.7018
1492,95.4718
1493,95.5131
1494,95.5036
1495,95.5447
1496,95.3362
1497,95.5108
1498,95.6489
1499,95.7369
1500,95.4186
1501,95.201
1502,95.4469
1503,95.5641
1504,95.1643
1505,95.0577
1506,95.1885
1507,95.4389
1508,95.3215
1509,95.3567
1510,95.2529
1511,95.2456
1512,95.2503
1513,95.0068
1514,95.1495
1515,95.0486
1516,94.7581
1517,94.8857
1518,95.0921
1519,94.9706
1520,94.7705
1521,94.6685
1522,94.4585
1523,94.5497
1524,94.4717
1525,94.5197
1526,94.4228
1527,94.3295
1528,94.5859
1529,94.3039
1530,94.4231
1531,94.7261
1532,94.5273
1533,94.5728
1534,94.6526
1535,94.903
1536,94.8208
1537,94.9271
1538,94.9056
1539,95.0145
1540,94.9088
1541,94.8306
1542,94.8183
1543,94.9646
1544,94.9335
1545,95.0203
1546,94.8005
1547,94.8824
1548,94.9629
1549,94.9073
1550,94.8737
1551,95.0998
1552,94.79
1553,94.8057
1554,94.937
1555,95.1246
1556,95.4314
1557,95.2715
1558,95.4502
1559,95.1807
1560,95.1527
1561,95.3377
1562,95.0344
1563,95.3942
1564,95.0672
1565,95.0258
1566,95.4166
1567,95.4463
1568,95.371
1569,95.4673
1570,95.4543
1571,95.3043
1572,95.47
1573,95.3114
1574,95.3559
1575,95.3794
1576,95.7882
1577,95.596
1578,95.8385
1579,95.6747
1580,95.6835
1581,95.461
1582,95.2344
1583,95.3393
1584,95.7341
1585,95.4823
1586,95.2103
1587,95.319
1588,95.4376
1589,95.7144
1590,95.9058
1591,95.8271
1592,96.2176
1593,96.3303
1594,96.2102
1595,96.3676
1596,96.098
1597,96.0436
1598,96.349
1599,96.0153
1600,96.0883
1601,95.8055
1602,96.1458
1603,96.0127
1604,95.8392
1605,95.8524
1606,95.6871
1607,95.8769
1608,95.7133
1609,95.5995
1610,95.4349
1611,95.3463
1612,95.1756
1613,95.38
1614,95.2783
1615,95.2569
1616,95.2407
1617,95.1552
1618,95.0022
1619,95.1068
1620,95.2099
1621,95.3344
1622,95.1041
1623,95.1609
1624,95.1495
1625,95.2347
1626,95.2077
1627,95.2781
1628,95.2447
1629,95.287
1630,95.3916
1631,95.4366
1632,95.2042
1633,94.9722
1634,95.199
1635,95.1673
1636,95.379
1637,95.0351
1638,95.1073
1639,94.9743
1640,95.0947
1641,95.0232
1642,94.9609
1643,94.8259
1644,94.8549
1645,94.8671
1646,94.9574
1647,95.06
1648,94.937
1649,94.9235
1650,94.8788
1651,94.8424
1652,95.1157
1653,95.3354
1654,95.265
1655,95.6773
1656,95.6273
1657,95.6981
1658,95.7318
1659,95.6595
1660,95.7481
1661,95.5009
1662,95.5302
1663,95.7059
1664,95.9256
1665,96.39
1666,96.1745
1667,96.2386
1668,96.0406
1669,96.0007
1670,95.6664
1671,95.5853
1672,95.6876
1673,95.8923
1674,96.1082
1675,96.1642
1676,95.7608
1677,95.662
1678,95.913
1679,95.9688
1680,95.6638
1681,95.4934
1682,95.7244
1683,95.3568
1684,95.4137
1685,95.8274
1686,95.6651
1687,95.3256
1688,95.7687
1689,95.9027
1690,95.7153
1691,95.5459
1692,95.311
1693,95.0475
1694,95.0436
1695,94.9933
1696,95.2729
1697,95.1649
1698,94.9334
1699,95.1149
1700,95.2055
1701,95.1735
1702,95.1044
1703,95.0173
1704,94.8568
1705,95.049
1706,95.2789
1707,94.9976
1708,94.8778
1709,94.9568
1710,94.8526
1711,94.7206
1712,94.6845
1713,94.8658
1714,94.7877
1715,94.7781
1716,94.6779
1717,94.546
1718,94.571
1719,94.7078
1720,94.7774
1721,94.8736
1722,95.006
1723,95.0476
1724,94.8685
1725,94.8405
1726,94.8708
1727,94.9186
1728,94.948
1729,95.0094
1730,94.8871
1731,94.636
1732,94.5539
1733,94.6152
1734,94.3241
1735,94.2902
1736,94.5317
1737,94.6377
1738,94.7515
1739,94.7414
1740,95.0414
1741,94.9236
1742,95.0892
1743,95.1793
1744,95.5242
1745,95.7141
1746,95.5072
1747,95.4357
1748,95.6604
1749,95.2888
1750,95.3486
1751,95.1411
1752,95.2595
1753,95.4097
1754,95.4384
1755,95.1753
1756,95.1654
1757,94.9973
1758,94.8379
1759,95.0207
1760,95.3697
1761,95.1887
1762,95.2734
1763,95.406
1764,95.4238
1765,95.3087
1766,95.264
1767,95.0278
1768,95.1317
1769,95.5171
1770,95.1805
1771,94.9143
1772,95.1683
1773,95.342
1774,95.3176
1775,95.2414
1776,95.0593
1777,94.8211
1778,94.8004
1779,94.6896
1780,94.6385
1781,95.04
1782,94.8015
1783,94.432
1784,94.5247
1785,94.4786
1786,94.4425
1787,94.4427
1788,94.8213
1789,94.8494
1790,94.558
1791,94.8822
1792,94.5506
1793,94.9933
1794,94.7923
1795,94.9763
1796,95.043
1797,95.1946
1798,95.2227
1799,94.8089
1800,94.8798
1801,94.6767
1802,94.8655
1803,95.1158
1804,94.6079
1805,94.4908
1806,94.4861
1807,94.3453
1808,94.2425
1809,94.65
1810,94.6308
1811,94.5908
1812,94.781
1813,94.6697
1814,94.6417
1815,94.7205
1816,94.3669
1817,94.2221
1818,94.3449
1819,94.3056
1820,94.4609
1821,94.6794
1822,94.6142
1823,94.465
1824,94.4059
1825,94.612
1826,94.7294
1827,94.6471
1828,94.8066
1829,94.6277
1830,94.692
1831,94.6482
1832,94.7389
1833,95.1786
1834,95.4023
1835,95.297
1836,95.1565
1837,95.2285
1838,94.8814
1839,94.7156
1840,94.597
1841,94.8235
1842,94.6581
1843,94.5105
1844,94.5542
1845,94.5613
1846,94.6703
1847,94.8754
1848,94.5715
1849,94.3952
1850,94.4569
1851,94.5586
1852,94.5094
1853,94.3892
1854,94.5029
1855,94.4814
1856,94.595
1857,94.4694
1858,94.3659
1859,94.2199
1860,94.3647
1861,94.3385
1862,94.6168
1863,94.6315
1864,94.9902
1865,94.87
1866,94.7316
1867,94.6544
1868,94.6353
1869,94.8764
1870,94.8051
1871,94.8679
1872,94.7845
1873,94.7368
1874,94.844
1875,94.7379
1876,94.6678
1877,94.803
1878,94.5012
1879,94.8393
1880,94.6416
1881,94.6255
1882,94.9287
1883,94.8547
1884,94.9351
1885,94.9604
1886,94.9654
1887,94.7568
1888,94.7962
1889,94.928
1890,95.2203
1891,95.091
1892,95.1521
1893,95.2022
1894,95.0983
1895,95.2724
1896,95.328
1897,95.0502
1898,94.9942
1899,95.1629
1900,95.2166
1901,94.7276
1902,94.9105
1903,94.8539
1904,94.5881
1905,94.5755
1906,94.7042
1907,94.7194
1908,94.7131
1909,94.7537
1910,94.7245
1911,95.1452
1912,95.0183
1913,95.1245
1914,94.8896
1915,94.8714
1916,94.9944
1917,95.1016
1918,95.0035
1919,95.3726
1920,95.4428
1921,95.7711
1922,95.5457
1923,95.608
1924,95.3963
1925,95.3592
1926,95.2063
1927,95.3994
1928,95.2945
1929,95.465
1930,95.5554
1931,95.7709
1932,96.2045
1933,96.0722
1934,96.0307
1935,95.9088
1936,95.7192
1937,95.9109
1938,95.461
1939,95.8747
1940,95.7875
1941,95.6624
1942,95.7684
1943,95.6666
1944,95.8446
1945,95.8544
1946,95.6774
1947,95.5143
1948,95.5258
1949,95.8377
1950,95.6003
1951,95.6439
1952,95.7767
1953,96.0296
1954,96.2268
1955,95.7708
1956,95.7615
1957,95.9641
1958,95.824
1959,95.8601
1960,95.724
1961,95.6038
1962,95.5764
1963,95.494
1964,95.4228
1965,95.5552
1966,95.7907
1967,95.4397
1968,95.5241
1969,95.3631
1970,95.1873
1971,95.1569
1972,95.0957
1973,95.0184
1974,95.1381
1975,95.0497
1976,94.814
1977,94.8962
1978,95.2568
1979,95.4963
1980,95.1658
1981,95.0301
1982,95.0001
1983,94.9453
1984,95.1045
1985,95.0699
1986,94.9455
1987,95.0294
1988,94.936
1989,94.7316
1990,94.6887
1991,94.6888
1992,95.0058
1993,95.3812
1994,95.3096
1995,95.2608
1996,95.1587
1997,94.9024
1998,94.9518
1999,94.9927
