0,383.107
1,370.809
2,357.334
3,347.903
4,335.086
5,326.357
6,316.011
7,304.946
8,296.403
9,289.789
10,283.506
11,277.418
12,274.362
13,270.516
14,265.196
15,259.528
16,257.315
17,252.92
18,246.679
19,242.024
20,242.054
21,239.121
22,235.856
23,234.443
24,236.406
25,236.312
26,235.202
27,233.536
28,229.86
29,224.833
30,224.61
31,223.923
32,223.004
33,221.309
34,218.573
35,218.107
36,214.554
37,214.718
38,213.95
39,213.872
40,213.111
41,208.744
42,208.346
43,206.756
44,205.995
45,203.458
46,200.46
47,197.268
48,196.893
49,195.165
50,191.233
51,190.811
52,187.863
53,185.921
54,186.176
55,181.922
56,178.659
57,176.093
58,171.256
59,164.938
60,160.938
61,160.229
62,157.093
63,155.7
64,154.063
65,149.194
66,150.087
67,148.937
68,147.824
69,145.655
70,140.28
71,138.151
72,137.098
73,137.1
74,136.889
75,139.262
76,136.797
77,136.928
78,135.939
79,133.864
80,130.553
81,129.897
82,126.896
83,124.434
84,123.969
85,122.042
86,119.973
87,120.901
88,120.304
89,119.065
90,116.378
91,115.987
92,115.136
93,114.889
94,115.34
95,115.956
96,115.324
97,116.676
98,117.146
99,115.845
100,117.53
101,116.624
102,114.789
103,116.148
104,115.434
105,115.182
106,114.286
107,115.698
108,114.265
109,114.378
110,115.091
111,115.653
112,113.648
113,114.257
114,114.485
115,113.729
116,114.611
117,113.705
118,114.512
119,113.874
120,111.199
121,110.463
122,109.066
123,108.013
124,108.194
125,106.51
126,106.262
127,106.611
128,106.553
129,106.193
130,107.497
131,106.427
132,106.399
133,105.944
134,105.604
135,106.448
136,105.401
137,103.091
138,102.448
139,102.379
140,102.695
141,102.758
142,102.584
143,102.432
144,101.518
145,100.26
146,101.68
147,100.879
148,99.6237
149,100.7
150,102.659
151,101.868
152,99.3017
153,99.7701
154,99.0951
155,99.4225
156,101.003
157,101.061
158,100.958
159,99.1296
160,100.122
161,99.4048
162,99.137
163,99.3184
164,99.8371
165,100.417
166,99.5824
167,98.7635
168,97.8576
169,97.6189
170,97.3609
171,96.8792
172,97.2544
173,96.5862
174,96.6657
175,96.7226
176,98.2581
177,97.2048
178,94.9596
179,94.8089
180,94.5609
181,93.3572
182,93.5283
183,94.553
184,95.8874
185,93.823
186,94.1723
187,94.2949
188,96.7836
189,95.2126
190,96.6877
191,95.7671
192,95.2131
193,96.5209
194,96.5612
195,98.128
196,99.7369
197,99.3412
198,97.6654
199,96.8332
200,96.2324
201,96.488
202,96.8572
203,95.1598
204,94.3611
205,93.3248
206,92.2902
207,93.6921
208,92.9374
209,92.5131
210,93.2441
211,93.9742
212,94.1891
213,92.8365
214,94.3895
215,96.9904
216,97.1628
217,95.6689
218,94.7456
219,94.3623
220,94.6879
221,94.9948
222,98.282
223,98.9927
224,99.7484
225,99.9736
226,98.2313
227,98.1435
228,98.257
229,96.9771
230,96.6842
231,97.3674
232,96.668
233,95.2568
234,93.8303
235,96.1424
236,99.0382
237,99.0985
238,99.5791
239,99.2354
240,97.8534
241,99.5079
242,99.1459
243,98.9665
244,100.065
245,99.9365
246,98.2556
247,100.545
248,100.788
249,99.4881
250,97.0608
251,99.5457
252,98.5773
253,99.4268
254,99.1521
255,98.0938
256,99.359
257,97.8219
258,99.4947
259,98.0235
260,99.2169
261,99.7803
262,98.2508
263,98.3152
264,98.9184
265,99.5326
266,97.7714
267,97.7382
268,97.4336
269,97.709
270,96.5927
271,98.2956
272,99.7138
273,99.7177
274,101.251
275,101.074
276,99.7296
277,102.916
278,104.798
279,107.199
280,105.659
281,105.834
282,104.794
283,104.713
284,105.423
285,106.227
286,107.547
287,108.776
288,109.33
289,108.717
290,106.336
291,103.124
292,104.697
293,105.403
294,106.005
295,105.36
296,106.435
297,106.615
298,107.233
299,107.983
300,106.095
301,107.274
302,107.748
303,107.939
304,108.807
305,108.429
306,109.313
307,112.829
308,111.07
309,110.927
310,109.464
311,109.418
312,111.981
313,109.347
314,110.507
315,109.475
316,108.85
317,109.252
318,108.783
319,109.102
320,109.954
321,110.031
322,110.059
323,109.851
324,108.862
325,111.974
326,114.025
327,111.264
328,112.85
329,115.233
330,114.158
331,116.527
332,116.352
333,116.599
334,119.263
335,116.868
336,117.071
337,117.011
338,114.59
339,112.737
340,115.078
341,116.604
342,114.712
343,113.688
344,112.802
345,114.369
346,113.195
347,114.032
348,113.369
349,113.79
350,114.35
351,115.015
352,114.22
353,113.068
354,112.074
355,111.02
356,111.044
357,110.168
358,107.62
359,110.031
360,110.736
361,108.932
362,107.263
363,107.352
364,107.794
365,107.807
366,106.576
367,104.975
368,106.034
369,105.191
370,105.799
371,105.869
372,103.241
373,103.011
374,104.22
375,104.265
376,103.576
377,104.145
378,103.725
379,102.967
380,105.105
381,103.54
382,103.14
383,107.036
384,106.636
385,110.072
386,106.648
387,108.443
388,110.165
389,110.123
390,108.099
391,110.004
392,111.124
393,111.794
394,114.23
395,113.407
396,112.453
397,109.746
398,107.953
399,108.436
400,108.5
401,107.547
402,107.899
403,107.779
404,105.378
405,106.715
406,104.823
407,104.815
408,103.516
409,105.076
410,105.93
411,105.486
412,106.469
413,107.787
414,108.341
415,109.89
416,108.313
417,108.555
418,110.277
419,110.877
420,109.819
421,107.636
422,109.122
423,111.342
424,112.687
425,114.979
426,114.774
427,116.08
428,113.47
429,112.659
430,111.324
431,110.416
432,112.586
433,112.221
434,110.355
435,110.347
436,107.209
437,107.259
438,106.14
439,103.119
440,103.595
441,104.408
442,107.468
443,106.397
444,105.71
445,107.441
446,107.753
447,106.009
448,107.596
449,106.875
450,107.16
451,105.355
452,105.349
453,104.923
454,104.517
455,104.007
456,106.009
457,109.845
458,111.252
459,110.476
460,111.695
461,109.849
462,108.834
463,108.111
464,108.36
465,106.787
466,107.4
467,106.038
468,105.654
469,107.952
470,108.012
471,107.913
472,108.775
473,111.362
474,111.58
475,114.761
476,112.768
477,110.996
478,105.78
479,107.185
480,107.23
481,110.768
482,110.629
483,112.72
484,111.859
485,111.158
486,112.196
487,110.688
488,107.493
489,107.454
490,109.173
491,106.982
492,107.56
493,108.263
494,108.996
495,109.095
496,108.39
497,106.692
498,109.09
499,110.569
