0.815293,0
0.791742,0.0235516
0.787403,0.014273
0.787771,0.0100992
0.787177,0.0078453
0.798285,0.0128226
0.79805,0.0108397
0.801619,0.0100431
0.802279,0.00888172
0.805818,0.00869685
0.806062,0.00787037
0.803799,0.00753245
0.803502,0.00693523
0.805759,0.00680593
0.804477,0.00646432
0.806394,0.00634326
0.809562,0.00674832
0.806748,0.00695674
0.805134,0.00677556
0.803044,0.00675907
0.804763,0.0066549
0.807597,0.00694969
0.806822,0.00668581
0.80888,0.00672394
0.806756,0.00679006
0.808085,0.00665761
0.806644,0.0065664
0.807315,0.00636307
0.807492,0.00614229
0.807159,0.00594338
0.808758,0.00596679
0.808053,0.0058202
0.808054,0.00564107
0.807081,0.00555854
0.80892,0.00570215
0.8091,0.00554443
0.809836,0.00544242
0.809754,0.00529788
0.807989,0.00545387
0.80711,0.00538803
0.808541,0.0054465
0.808065,0.00533657
0.809625,0.00543947
0.809752,0.00531595
0.808929,0.00526125
0.808844,0.00514631
0.808992,0.0050378
0.808862,0.00493344
0.810102,0.00498811
0.808847,0.00504576
0.809028,0.00494912
0.809941,0.00493817
0.809062,0.0049232
0.808871,0.00483494
0.808921,0.00474648
0.808734,0.00466467
0.808781,0.00458234
0.808258,0.00453283
0.809281,0.00457123
0.808872,0.00451303
0.808821,0.00443872
0.808442,0.00438296
0.808837,0.00433092
0.808347,0.00429079
0.808362,0.00422428
0.80755,0.00423816
0.807372,0.00417823
0.807571,0.00412115
0.808169,0.00410479
0.808074,0.00404686
0.807526,0.00402683
0.807842,0.00398306
0.808089,0.00393589
0.808263,0.0038862
0.808047,0.00384008
0.807753,0.00380061
0.807645,0.0037525
0.807761,0.00370591
0.808068,0.00367151
0.80765,0.00364933
0.807326,0.00361855
0.807612,0.00358564
0.807326,0.00355371
0.807992,0.0035738
0.808207,0.00353801
0.808678,0.00352819
0.808189,0.00352151
0.807801,0.00350281
0.807441,0.00348191
0.808055,0.00349738
0.808603,0.00350188
0.808045,0.00350833
0.807996,0.00347074
0.807803,0.00343903
0.808004,0.00340856
0.808039,0.00337305
0.808546,0.00337639
0.808354,0.00334731
0.808388,0.0033135
0.807988,0.00330445
0.807809,0.00327644
0.807925,0.0032462
0.808168,0.00322371
0.808208,0.00319282
0.808233,0.00316236
0.808705,0.0031677
0.808383,0.00315443
0.80814,0.00313454
0.807462,0.00317873
0.807104,0.00317001
0.807031,0.00314216
0.807413,0.00313734
0.807692,0.00312195
0.80795,0.00310517
0.807727,0.00308611
0.80732,0.00308638
0.807424,0.00306165
0.807691,0.00304735
0.807429,0.00303301
0.807785,0.00302868
0.807925,0.00300682
0.807797,0.00298485
0.807625,0.00296548
0.807449,0.0029467
0.807414,0.00292323
0.807571,0.00290415
0.807693,0.0028838
0.807699,0.00286118
0.807624,0.00283991
0.807772,0.00282186
0.807438,0.00282
0.807708,0.00281153
0.807906,0.00279732
0.807749,0.00278083
0.807663,0.0027615
0.807834,0.00274649
0.807624,0.00273448
0.807756,0.00271781
0.807519,0.00270858
0.807971,0.00272679
0.808063,0.00270896
0.807808,0.00270187
0.807746,0.00268363
0.807581,0.00267
0.807811,0.00266147
0.807691,0.00264594
0.807898,0.00263606
0.807786,0.00262059
0.807874,0.00260441
0.80773,0.00259097
0.807746,0.0025738
0.807583,0.00256201
0.807482,0.00254721
0.807408,0.00253169
0.8074,0.00251532
0.807587,0.00250615
0.807764,0.00249643
0.807448,0.00250066
0.807527,0.00248615
0.807659,0.00247408
0.80786,0.00246689
0.807745,0.00245432
0.807679,0.00244012
0.807542,0.00242904
0.807681,0.00241825
0.80751,0.00240969
0.807582,0.0023963
0.80738,0.00239058
0.807437,0.00237707
0.807486,0.00236357
0.807623,0.00235368
0.807606,0.00234001
0.807505,0.00232867
0.807519,0.0023153
0.807512,0.00230204
0.807576,0.00228982
0.807525,0.00227743
0.807435,0.00226637
0.807747,0.00227525
0.807449,0.0022822
0.807301,0.00227436
0.807533,0.00227369
0.807687,0.0022665
0.807706,0.00225422
0.807747,0.00224237
0.807592,0.00223565
0.807611,0.00222374
0.807592,0.00221197
0.807488,0.00220266
0.807604,0.00219407
0.807722,0.00218577
0.807393,0.00219915
0.807581,0.00219578
0.807564,0.0021845
0.807474,0.00217512
0.807575,0.00216636
0.807447,0.00215914
0.807563,0.0021513
0.807393,0.00214715
0.807481,0.0021382
0.807291,0.00213604
0.807287,0.00212544
0.807288,0.00211494
0.807358,0.00210572
0.80767,0.00211858
0.807557,0.00211128
0.807505,0.00210172
0.80738,0.00209533
0.807561,0.00209312
0.807608,0.00208367
0.807493,0.00207697
0.807426,0.00206823
0.807561,0.00206294
0.807481,0.00205484
0.807465,0.00204532
0.807736,0.00205388
0.80771,0.00204456
0.807341,0.00206848
0.807256,0.00206076
0.807239,0.00205144
0.807264,0.0020423
0.807568,0.00205564
0.807501,0.00204749
0.807308,0.00204744
0.807204,0.00204099
0.807367,0.00203853
0.807463,0.00203179
0.807437,0.00202303
0.807634,0.00202382
0.80744,0.00202438
0.806797,0.00211567
0.806971,0.00211378
0.806967,0.00210469
0.807212,0.00210999
0.807179,0.00210125
0.80722,0.00209272
0.807111,0.00208671
0.807132,0.00207804
0.807232,0.00207171
0.807153,0.00206456
0.807242,0.00205789
0.807073,0.00205631
0.807122,0.00204842
0.807279,0.00204603
0.807245,0.00203794
0.80712,0.0020335
0.807214,0.00202745
0.807275,0.00202017
0.807369,0.00201425
0.807221,0.00201163
0.807307,0.00200543
0.807152,0.00200346
0.807293,0.00200053
0.807291,0.00199264
0.806978,0.00200941
0.807158,0.00200961
0.807146,0.00200182
0.807112,0.00199433
0.807152,0.00198702
0.807145,0.00197937
0.807028,0.00197524
0.807028,0.00196769
0.807047,0.00196029
0.80711,0.00195387
0.807127,0.00194656
0.80711,0.0019393
0.807162,0.00193274
0.807295,0.00193013
0.807228,0.00192411
0.807248,0.00191707
0.807156,0.00191218
0.807173,0.00190521
0.807373,0.00190878
0.807289,0.00190368
0.807328,0.00189715
0.807417,0.00189234
0.807285,0.0018901
0.807307,0.00188341
0.807444,0.00188167
0.807372,0.00187633
0.807201,0.00187743
0.80698,0.00188377
0.807196,0.00188947
0.807252,0.00188363
0.807231,0.00187712
0.807287,0.0018714
0.807318,0.00186511
0.80722,0.0018612
0.8072,0.00185485
0.807363,0.00185562
0.807409,0.00184979
0.807304,0.00184641
0.807364,0.00184109
0.80733,0.00183514
0.807237,0.00183128
0.807186,0.0018258
0.80735,0.00182703
0.807255,0.00182337
0.807218,0.00181763
0.807358,0.00181699
0.807244,0.00181454
0.807107,0.00181368
0.80702,0.00180979
0.807181,0.00181102
0.807097,0.00180704
0.807189,0.00180349
0.807261,0.00179902
0.807409,0.00179933
0.807258,0.0017999
0.807066,0.00180428
0.807333,0.00181817
0.807415,0.00181416
0.807232,0.00181757
0.807321,0.00181393
0.807502,0.00181726
0.807325,0.00182012
0.807197,0.00181889
0.807183,0.00181321
0.807315,0.00181236
0.807473,0.0018135
0.807404,0.00180915
0.807373,0.00180378
0.807366,0.0017982
0.807513,0.0017987
0.807392,0.00179723
0.807431,0.00179213
0.807404,0.00178684
0.80748,0.00178301
0.807592,0.00178107
0.807553,0.00177608
0.80743,0.00177498
0.807366,0.0017708
0.807379,0.00176552
0.807495,0.00176406
0.807468,0.00175899
0.807335,0.00175882
0.807408,0.00175513
0.807575,0.00175787
0.807621,0.00175327
0.807491,0.00175289
0.807494,0.00174775
0.807607,0.00174625
0.807554,0.00174194
0.807512,0.00173739
0.807576,0.00173353
0.807816,0.00174509
0.807727,0.00174228
0.807457,0.00175817
0.8074,0.00175406
0.807615,0.00176227
0.807654,0.00175766
0.807483,0.00176093
0.807555,0.0017574
0.807564,0.00175245
0.807565,0.00174751
0.807549,0.00174267
0.807492,0.00173869
0.807613,0.00173803
0.807573,0.00173365
0.807591,0.00172891
0.807388,0.00173598
0.807382,0.00173119
0.807438,0.00172733
0.80738,0.00172356
0.807427,0.00171946
0.807566,0.00172042
0.807438,0.0017205
0.807416,0.00171596
0.807399,0.00171139
0.807503,0.00170998
0.807518,0.00170542
0.807509,0.00170085
0.807457,0.00169709
0.807479,0.0016927
0.807446,0.0016885
0.807399,0.00168468
0.807329,0.00168166
0.807357,0.00167744
0.807337,0.00167314
0.8074,0.00166995
0.807428,0.00166578
0.807436,0.00166144
0.807318,0.00166132
0.807412,0.00165964
0.80751,0.00165823
0.807592,0.00165596
0.807473,0.00165595
0.807467,0.00165168
0.807411,0.00164841
0.807352,0.00164522
0.807401,0.00164172
0.807453,0.00163837
0.807448,0.0016342
0.80742,0.00163029
0.807501,0.00162813
0.807425,0.00162578
0.80742,0.00162169
0.807468,0.00161833
0.807396,0.00161587
0.807411,0.00161189
0.807593,0.00161819
0.807592,0.00161416
0.807527,0.00161145
0.807337,0.00161873
0.807398,0.00161587
0.807333,0.0016132
0.807375,0.00160978
0.807347,0.00160606
0.807372,0.00160232
0.807509,0.00160428
0.807376,0.00160588
0.807257,0.00160639
0.807352,0.00160528
0.807447,0.00160424
0.807499,0.00160121
0.807485,0.00159741
0.807439,0.00159424
0.807399,0.00159092
0.807394,0.00158712
0.807415,0.00158348
0.807347,0.00158117
0.807384,0.00157786
0.80734,0.00157476
0.807511,0.00158036
0.807507,0.00157664
0.807513,0.00157295
0.807341,0.00157862
0.807386,0.00157556
0.807377,0.00157191
0.807364,0.00156831
0.807233,0.00157011
0.807426,0.00157832
0.807427,0.00157467
0.807406,0.00157118
0.807349,0.00156859
0.807399,0.00156579
0.807272,0.00156735
0.80734,0.00156522
0.807303,0.00156208
0.8073,0.00155853
0.80735,0.00155578
0.807245,0.00155574
0.807156,0.00155478
0.807297,0.00155767
0.807313,0.00155424
0.807287,0.00155096
0.807168,0.00155203
0.807321,0.00155607
0.80726,0.00155382
0.807287,0.0015506
0.807325,0.00154763
0.807364,0.00154469
0.807245,0.00154583
0.807161,0.00154472
0.807348,0.00155268
0.80729,0.00155038
0.807227,0.00154823
0.807205,0.00154501
0.807308,0.00154505
0.807367,0.00154285
0.807228,0.00154582
0.807231,0.00154247
0.807275,0.00153976
0.807159,0.00154083
0.807202,0.00153811
0.80721,0.00153483
0.807193,0.00153164
0.807135,0.00152946
0.807174,0.00152669
0.807127,0.00152416
0.80711,0.00152102
0.807088,0.00151796
0.807133,0.00151543
0.807147,0.00151229
0.807141,0.00150912
0.807073,0.00150745
0.807117,0.00150493
0.806989,0.00150725
0.807092,0.00150766
0.807183,0.00150725
0.807198,0.00150419
0.807067,0.00150673
0.807061,0.00150362
0.80705,0.00150055
0.80714,0.00150015
0.807077,0.0014984
0.80708,0.00149532
0.807128,0.00149303
0.807081,0.00149071
0.806984,0.00149088
0.807072,0.00149044
0.807083,0.00148745
0.806965,0.0014891
0.80703,0.00148751
0.807127,0.00148766
0.807048,0.00148679
0.80709,0.00148439
0.807127,0.00148187
0.807084,0.00147954
0.807035,0.00147737
0.807127,0.00147727
0.807079,0.0014751
0.807124,0.00147286
0.807075,0.00147075
0.807069,0.00146785
0.807121,0.00146587
0.807033,0.00146566
0.807033,0.00146278
0.807047,0.00145996
0.807117,0.00145875
0.80711,0.00145591
0.807214,0.00145675
0.807111,0.00145752
0.807198,0.00145724
0.807176,0.00145456
0.807156,0.00145188
0.80704,0.00145371
0.80709,0.00145176
0.807126,0.00144942
0.807233,0.00145056
0.807199,0.00144816
0.80705,0.00145305
0.806998,0.00145121
0.807013,0.00144851
0.807036,0.00144594
0.807223,0.00145521
0.807155,0.00145402
0.807139,0.00145136
0.807114,0.00144882
0.807137,0.00144626
0.807108,0.00144382
0.807076,0.00144146
0.807085,0.00143878
0.807073,0.00143613
0.807202,0.00143929
0.807188,0.00143667
0.807092,0.00143719
0.807073,0.00143465
0.807147,0.00143388
0.807156,0.00143125
0.807122,0.00142902
0.807239,0.00143122
0.807181,0.00142975
0.807131,0.001428
0.807159,0.00142566
0.80712,0.00142358
0.807223,0.00142465
0.80726,0.00142254
0.80728,0.00142009
0.807162,0.00142242
0.807211,0.00142067
0.807198,0.00141816
0.807163,0.001416
0.807103,0.00141471
0.807195,0.00141514
0.807221,0.00141283
0.807202,0.00141041
0.807158,0.00140857
0.807118,0.00140663
0.807188,0.00140585
0.807239,0.00140427
0.807185,0.0014028
0.807131,0.00140133
0.807204,0.00140073
0.807195,0.00139827
0.807116,0.00139803
0.807158,0.00139619
0.807256,0.00139715
0.807148,0.00139885
0.807149,0.0013964
0.807217,0.00139562
0.807208,0.0013932
0.807073,0.00139733
0.807124,0.00139581
0.807206,0.00139583
0.807265,0.00139463
0.807241,0.00139241
0.807163,0.00139216
0.807153,0.00138979
0.807113,0.00138799
0.807144,0.00138595
0.807186,0.0013842
0.807167,0.00138194
0.807188,0.00137973
0.80711,0.00137957
0.807179,0.00137892
0.807147,0.00137694
0.807142,0.00137461
0.807118,0.00137249
0.807153,0.00137063
0.807139,0.00136839
0.807174,0.00136651
0.807162,0.00136426
0.807216,0.00136304
0.807128,0.00136355
0.807125,0.00136126
0.807149,0.00135918
0.807188,0.00135747
0.807165,0.00135539
0.807184,0.00135326
0.807174,0.00135104
0.807164,0.00134884
0.807195,0.00134696
0.807179,0.00134481
0.807153,0.00134285
0.807203,0.00134157
0.807132,0.00134126
0.807095,0.00133955
0.807027,0.0013391
0.807124,0.00134046
0.807108,0.00133836
0.807167,0.00133747
0.807169,0.00133529
0.807156,0.00133318
0.807112,0.00133175
0.807132,0.00132974
0.807125,0.0013276
0.80709,0.00132591
0.807106,0.00132386
0.807125,0.00132186
0.807113,0.00131978
0.80709,0.00131786
0.807101,0.00131579
0.807074,0.00131396
0.807092,0.00131199
0.807148,0.0013111
0.807024,0.0013149
0.807022,0.00131281
0.807076,0.00131182
0.807177,0.00131365
0.80716,0.00131169
0.807119,0.00131024
0.806999,0.00131361
0.807067,0.00131331
0.807107,0.00131184
0.807043,0.00131135
0.80711,0.001311
0.807131,0.00130912
0.807121,0.00130711
0.807027,0.00130842
0.80706,0.00130679
0.807151,0.00130791
0.80712,0.00130625
0.807066,0.00130532
0.807149,0.00130594
0.807142,0.00130394
0.807135,0.00130194
0.807104,0.00130031
0.807083,0.00129847
0.807165,0.00129908
0.807135,0.00129744
0.807071,0.00129703
0.807041,0.0012954
0.807112,0.00129538
0.807101,0.00129345
0.807112,0.00129152
0.807189,0.00129186
0.807167,0.00129009
0.807138,0.00128845
0.807077,0.00128795
0.807112,0.00128648
0.807136,0.00128474
0.807184,0.0012837
0.807083,0.0012857
0.80718,0.00128744
0.807237,0.00128676
0.807088,0.00129347
0.807014,0.00129364
0.807027,0.00129177
0.80703,0.00128984
0.807062,0.00128833
0.807104,0.00128709
0.807167,0.00128671
0.807128,0.00128537
0.807019,0.00128807
0.807007,0.00128622
0.807039,0.00128471
0.807024,0.00128289
0.806978,0.00128181
0.807018,0.00128054
0.80705,0.00127906
0.807065,0.00127727
0.807041,0.00127563
0.807036,0.00127377
0.807076,0.00127255
0.80714,0.00127227
0.807109,0.00127078
0.80705,0.00127033
0.807013,0.00126903
0.807065,0.00126826
0.806974,0.00126968
0.807002,0.00126817
0.807107,0.0012706
0.807129,0.00126896
0.807091,0.00126771
0.807025,0.0012676
0.807051,0.00126605
0.807071,0.0012644
0.807156,0.00126541
0.807123,0.00126404
0.807108,0.00126232
0.807068,0.00126115
0.807088,0.00125952
0.807101,0.00125779
0.807111,0.00125605
0.807104,0.00125429
0.807103,0.00125251
0.807106,0.00125075
0.807125,0.00124912
0.807157,0.00124776
0.807126,0.00124639
0.807074,0.00124572
0.80712,0.00124483
0.807187,0.00124489
0.807095,0.00124652
0.807192,0.00124848
0.807127,0.00124844
0.807119,0.00124672
0.807054,0.00124665
0.807033,0.00124511
0.80712,0.00124647
0.80714,0.0012449
0.807096,0.00124395
0.807114,0.00124236
0.807157,0.00124137
0.80709,0.00124146
0.807103,0.00123982
0.807137,0.00123858
0.807157,0.00123705
0.807105,0.00123646
0.8071,0.00123478
0.807057,0.00123382
0.807096,0.00123276
0.807124,0.0012314
0.807086,0.0012303
0.807115,0.00122895
0.807109,0.0012273
0.807102,0.00122565
0.807063,0.00122461
0.807061,0.00122296
0.807114,0.00122242
0.807098,0.00122087
0.807136,0.00121981
0.807052,0.00122107
0.807071,0.00121958
0.807095,0.00121819
0.807085,0.0012166
0.807117,0.00121538
0.807092,0.00121401
0.807178,0.00121545
0.807093,0.00121678
0.807035,0.00121654
0.807061,0.00121518
0.807079,0.00121371
0.807086,0.00121212
0.807096,0.00121056
0.807101,0.00120897
0.807062,0.00120798
0.807051,0.00120644
0.807089,0.00120543
0.807067,0.00120405
0.807059,0.00120249
0.807033,0.00120119
0.807073,0.00120028
0.807057,0.00119882
0.807026,0.00119764
0.807047,0.00119626
0.8071,0.0011959
0.807075,0.00119461
0.807008,0.00119497
0.806992,0.00119352
0.807047,0.00119325
0.807062,0.0011918
0.807087,0.00119051
0.806982,0.00119355
0.807041,0.00119344
0.807007,0.00119239
0.806987,0.00119101
0.807062,0.00119182
0.807049,0.00119035
0.807032,0.00118895
0.807012,0.0011876
0.806953,0.00118753
0.807022,0.00118804
0.807067,0.00118736
0.807078,0.0011859
0.807038,0.00118506
0.807059,0.00118374
0.806992,0.00118418
0.80699,0.00118268
0.807045,0.00118248
0.80709,0.00118184
0.807107,0.00118047
0.80698,0.00118581
0.807032,0.00118546
0.807038,0.00118399
0.806978,0.00118403
0.806961,0.00118266
0.807009,0.00118216
0.806965,0.00118152
0.806997,0.00118048
0.807014,0.00117913
0.807021,0.00117768
0.807035,0.0011763
0.80698,0.00117611
0.806967,0.00117473
0.806955,0.00117333
0.806938,0.00117199
0.80697,0.00117096
0.807034,0.00117127
0.807026,0.00116984
0.806963,0.00117013
0.807016,0.00116988
0.807023,0.00116846
0.806952,0.00116913
0.806946,0.00116771
0.807033,0.0011695
0.80707,0.00116865
0.806994,0.00116967
0.806968,0.00116853
0.807005,0.00116771
0.806939,0.00116817
0.806888,0.00116788
0.80692,0.00116691
0.806964,0.00116631
0.806932,0.00116532
0.806958,0.00116419
0.806943,0.00116289
0.806969,0.00116178
0.806936,0.00116084
0.806944,0.00115946
0.806898,0.00115896
0.806869,0.00115793
0.806883,0.00115662
0.806944,0.00115683
0.806907,0.00115604
0.806865,0.00115539
0.806907,0.00115476
0.806934,0.0011537
0.806868,0.00115422
0.806834,0.00115334
0.806921,0.0011552
0.806922,0.00115383
0.806917,0.00115248
0.806847,0.00115324
0.806892,0.00115273
0.806898,0.00115138
0.806892,0.00115004
0.80691,0.00114883
0.806909,0.00114748
0.806815,0.00114992
0.806797,0.00114871
0.806861,0.00114914
0.806914,0.001149
0.806885,0.00114802
0.806882,0.00114668
0.806857,0.00114561
0.806881,0.00114453
0.806815,0.0011451
0.806838,0.001144
0.806843,0.00114268
0.806886,0.00114216
0.806842,0.00114166
0.806855,0.00114041
0.806873,0.00113924
0.806896,0.00113816
0.806885,0.0011369
0.806901,0.00113571
0.806877,0.00113466
0.806792,0.00113656
0.80684,0.0011363
0.806848,0.00113503
0.806882,0.00113421
0.806872,0.00113295
0.806864,0.00113169
0.806889,0.00113068
0.806884,0.0011294
0.806858,0.00112842
0.806882,0.00112739
0.806899,0.00112624
0.806927,0.00112531
0.806864,0.00112579
0.806806,0.00112601
0.806755,0.00112592
0.806835,0.00112751
0.806857,0.00112644
0.806836,0.00112535
0.806867,0.00112451
0.806862,0.00112326
0.806912,0.00112308
0.806859,0.00112304
0.806833,0.00112209
0.806917,0.00112397
0.806863,0.001124
0.806832,0.00112317
0.806774,0.00112342
0.806838,0.001124
0.806811,0.00112306
0.806868,0.00112323
0.806897,0.00112237
0.806857,0.00112185
0.806835,0.00112082
0.806882,0.00112061
0.806901,0.00111952
0.806859,0.00111906
0.806919,0.00111939
0.806857,0.00111983
0.806904,0.00111958
0.806905,0.00111835
0.806903,0.00111712
0.806844,0.00111747
0.806851,0.00111627
0.806916,0.00111693
0.806963,0.00111667
0.806914,0.00111653
0.806864,0.0011164
0.806861,0.00111519
0.806829,0.00111442
0.806906,0.00111588
0.806883,0.00111492
0.806896,0.00111378
0.806901,0.00111259
0.806876,0.00111167
0.806905,0.00111084
0.806933,0.00111
0.806955,0.00110901
0.806949,0.00110783
0.806938,0.00110668
0.806911,0.00110582
0.806936,0.0011049
0.806927,0.00110375
0.806939,0.00110263
0.806992,0.00110274
0.806973,0.00110172
0.806934,0.00110125
0.806902,0.00110053
0.806887,0.00109946
0.806907,0.00109846
0.806904,0.00109729
0.806903,0.00109613
0.806937,0.00109549
0.806975,0.00109498
0.806946,0.00109421
0.806883,0.00109488
0.806898,0.00109383
0.806936,0.00109335
0.806892,0.00109308
0.806906,0.00109202
0.806901,0.00109087
0.806968,0.00109178
0.806932,0.00109125
0.806896,0.00109067
0.80691,0.00108961
0.806964,0.00108978
0.806938,0.00108894
0.806942,0.0010878
0.806974,0.00108715
0.806935,0.00108674
0.806935,0.00108561
0.806943,0.0010845
0.806991,0.00108445
0.807017,0.00108364
0.806994,0.00108278
0.806992,0.00108166
0.806935,0.00108205
0.806928,0.00108095
0.806928,0.00107983
0.806991,0.00108055
0.806916,0.00108202
0.80698,0.0010828
0.80697,0.00108173
0.806963,0.00108064
0.806943,0.00107971
0.806965,0.00107883
0.806935,0.00107813
0.806957,0.00107725
0.806968,0.0010762
0.806961,0.00107512
0.807008,0.00107506
0.807012,0.00107397
0.806979,0.00107337
0.806949,0.00107272
0.806916,0.00107212
0.806943,0.00107136
0.806944,0.00107027
0.806968,0.00106945
0.806973,0.00106838
0.806997,0.00106756
0.806961,0.00106711
0.806924,0.00106666
0.806953,0.00106597
0.806964,0.00106496
0.806926,0.00106457
0.806883,0.00106438
0.806857,0.00106362
0.806899,0.0010634
0.806921,0.00106255
0.806892,0.00106188
0.806938,0.00106178
0.806982,0.00106163
