0.486171   0.491971   0.49975
-0.340708   -0.33264   0.487423
-0.494291   -0.330627   -0.322786
-0.354276   0.491786   -0.341715
-0.192628   -0.482221   0.486781
-0.0177422   -0.319845   -0.496891
-0.182458   -0.35267   -0.340659
-0.00455232   -0.490143   -0.326686
0.159586   -0.496077   0.498467
0.318874   -0.337755   -0.495813
0.169236   -0.353847   -0.329922
0.323776   0.48462   -0.34643
0.487088   -0.150567   0.498976
-0.328713   -0.010721   -0.494143
0.494302   -0.00352304   -0.346595
-0.329207   -0.173214   -0.320418
-0.177873   -0.187248   0.479934
-0.00230142   0.000273213   -0.497143
-0.182678   -0.0118002   -0.311267
-0.036775   -0.157368   -0.33614
0.154232   -0.163826   -0.497769
0.32647   -0.0058277   0.486247
0.169404   -0.00284993   -0.33286
0.324946   -0.164896   -0.33085
-0.485162   0.160192   0.493313
-0.316081   0.344985   -0.490464
0.475775   0.305824   -0.344662
-0.347387   0.168794   -0.296091
-0.168703   0.174296   -0.471445
-0.0178867   0.329587   -0.497316
-0.16985   0.358388   -0.320429
0.0118916   0.164156   -0.328896
0.156933   0.171339   0.490311
0.341203   0.305306   0.468742
0.172002   0.320925   -0.34006
0.324625   0.149183   -0.362688
0.498757   0.481531   -0.170918
-0.332759   -0.332299   -0.159092
-0.488915   -0.319479   -0.00683169
-0.334277   -0.486056   0.00991066
-0.169104   -0.479304   -0.157615
0.00107645   -0.327357   -0.175222
-0.17813   -0.329145   0.00295276
0.012628   -0.489799   0.00699004
0.161654   0.490986   -0.185705
0.350788   -0.343264   -0.158598
0.162763   -0.328558   -0.0140343
0.324347   -0.499417   -0.011938
0.49383   -0.173727   -0.178409
-0.350102   0.00523849   -0.160966
0.496772   -0.0186286   -0.0119158
-0.328087   -0.17323   -0.000806286
-0.168903   -0.176246   -0.165104
0.0115713   -0.0183017   -0.164811
-0.164709   -0.00046482   -0.00796729
0.0122076   -0.181047   0.00058616
0.165444   -0.173298   -0.170842
0.343446   -0.00735552   -0.158226
0.184454   -0.0212643   -0.00203374
0.330677   -0.183421   0.00376268
-0.498375   0.171328   -0.140644
-0.310358   0.351426   -0.156596
-0.497969   0.346941   0.0209615
-0.314529   0.173408   -0.0103277
-0.145227   0.172027   -0.174376
0.000615648   0.336681   -0.185426
-0.143944   0.329076   -0.0196755
-0.00869166   0.158669   -0.00856027
0.157989   0.173098   -0.167887
0.323806   0.34032   -0.170721
0.156778   0.347178   0.00559637
0.316083   0.193603   -0.00948064
0.492924   -0.499671   0.166765
-0.347128   -0.333216   0.159963
0.481699   -0.307741   0.327252
-0.36814   -0.493401   0.323135
-0.175149   0.499435   0.161856
0.00107824   -0.327287   0.159816
-0.148743   -0.328032   0.311176
0.00492526   0.494065   0.327899
0.174206   -0.492427   0.169756
0.340311   -0.323222   0.158803
0.166248   -0.345859   0.330081
0.341822   0.486379   0.33592
-0.489222   -0.161533   0.157816
-0.335398   -0.00176925   0.168914
-0.480925   -0.00413952   0.327447
-0.326684   -0.175652   0.33204
-0.166528   -0.162001   0.159251
0.011709   0.000737977   0.181192
-0.155275   0.000529014   0.326484
0.00234405   -0.177388   0.321205
0.174344   -0.164485   0.169807
0.308052   0.0093611   0.178159
0.164121   -0.00223383   0.354351
0.32354   -0.170158   0.348095
0.499696   0.157199   0.145019
-0.324928   0.332187   0.156224
-0.482046   0.306596   0.30564
-0.308224   0.168029   0.331689
-0.16399   0.163858   0.182203
0.00139224   0.330151   0.163284
-0.161583   0.334335   0.322067
-0.00153404   0.165827   0.320812
0.160213   0.164932   0.172901
0.334673   0.344533   0.163807
0.168138   0.326851   0.319129
0.341516   0.148008   0.328767
