0.486151   0.492011   0.499633
-0.340806   -0.332484   0.487335
-0.494277   -0.330861   -0.322797
-0.354348   0.491911   -0.341757
-0.192704   -0.482302   0.486589
-0.0176419   -0.319938   -0.496686
-0.182458   -0.352783   -0.340482
-0.0044015   -0.490168   -0.326651
0.159446   -0.496113   0.498434
0.318744   -0.33759   -0.495863
0.169324   -0.353731   -0.330012
0.323797   0.484732   -0.346459
0.487129   -0.150426   0.498986
-0.328581   -0.0106236   -0.494095
0.494338   -0.00379769   -0.346492
-0.329219   -0.173283   -0.32058
-0.177836   -0.187097   0.48
-0.00221909   0.000198876   -0.49708
-0.182755   -0.0118383   -0.311392
-0.0367703   -0.157552   -0.335983
0.154133   -0.163887   -0.497706
0.32663   -0.0058627   0.486399
0.169395   -0.00273869   -0.332989
0.325081   -0.164871   -0.330836
-0.485186   0.160117   0.493268
-0.316066   0.345079   -0.490491
0.475678   0.305791   -0.344557
-0.347352   0.168737   -0.296258
-0.168731   0.174381   -0.471445
-0.0180398   0.32955   -0.497339
-0.169887   0.358396   -0.320533
0.0117481   0.164051   -0.328993
0.157095   0.171337   0.490287
0.341078   0.305534   0.468821
0.172014   0.320786   -0.339915
0.324747   0.149209   -0.362511
0.498643   0.48146   -0.170886
-0.332659   -0.33222   -0.159064
-0.489041   -0.319571   -0.0068299
-0.334295   -0.486042   0.00992789
-0.169123   -0.47934   -0.157532
0.0011544   -0.327297   -0.175152
-0.178205   -0.329219   0.00283216
0.0127889   -0.489829   0.00712119
0.161747   0.491062   -0.185715
0.3509   -0.343344   -0.158546
0.162753   -0.32848   -0.0141059
0.324388   -0.499404   -0.0120143
0.49392   -0.173708   -0.178431
-0.350005   0.00521845   -0.160953
0.496576   -0.0184984   -0.012028
-0.327963   -0.173331   -0.000820402
-0.168897   -0.17606   -0.165308
0.0117356   -0.0181749   -0.164745
-0.164709   -0.000490643   -0.00808965
0.0121236   -0.181024   0.000629214
0.165688   -0.173423   -0.170913
0.343472   -0.00744167   -0.158153
0.184335   -0.0213041   -0.00212716
0.330587   -0.183274   0.00362842
-0.498481   0.171329   -0.140695
-0.310297   0.35154   -0.15664
-0.497927   0.346938   0.0210641
-0.314399   0.173316   -0.0102334
-0.145245   0.171935   -0.174521
0.000615409   0.3367   -0.185574
-0.14394   0.329035   -0.0195067
-0.00884454   0.158716   -0.00836509
0.158004   0.173116   -0.167874
0.323723   0.340302   -0.170778
0.156841   0.347266   0.00548132
0.316264   0.193657   -0.00963697
0.492943   -0.499803   0.166711
-0.347162   -0.333138   0.160078
0.48172   -0.307777   0.327253
-0.368072   -0.493405   0.323022
-0.175257   0.49941   0.161782
0.000871337   -0.327264   0.159935
-0.148728   -0.328174   0.311162
0.00484139   0.493977   0.328034
0.174189   -0.492369   0.169787
0.340454   -0.323132   0.158948
0.166203   -0.346109   0.330044
0.341827   0.486374   0.336015
-0.489209   -0.16144   0.15785
-0.335337   -0.00186443   0.169004
-0.480912   -0.00423862   0.327573
-0.326699   -0.17549   0.332297
-0.166567   -0.162202   0.159218
0.0117337   0.00065485   0.181149
-0.155325   0.000621346   0.326421
0.00248583   -0.177263   0.321098
0.174393   -0.16446   0.169774
0.308234   0.00936738   0.17839
0.164084   -0.00235052   0.354188
0.323561   -0.169998   0.347904
0.49967   0.157223   0.145055
-0.325032   0.332202   0.156228
-0.482108   0.306533   0.305452
-0.308213   0.168064   0.331732
-0.164135   0.163989   0.182333
0.00136589   0.330158   0.163405
-0.161704   0.334468   0.321985
-0.00172537   0.165871   0.320932
0.160014   0.164898   0.172713
0.334724   0.344536   0.163905
0.168067   0.326771   0.319164
0.341641   0.147986   0.328737
