-5.33801
-5.34025
-5.34271
-5.34296
-5.34454
-5.34415
-5.34578
-5.34678
-5.34601
-5.34403
-5.34468
-5.34329
-5.34319
-5.3434
-5.34123
-5.33951
-5.33973
-5.34086
-5.34092
-5.34028
-5.34127
-5.34038
-5.34025
-5.33863
-5.33644
-5.33782
-5.33879
-5.33936
-5.33892
-5.34141
-5.34365
-5.34365
-5.34261
-5.34428
-5.34536
-5.34845
-5.34716
-5.34514
-5.34309
-5.34014
-5.33992
-5.34223
-5.34064
-5.34002
-5.33896
-5.3412
-5.34305
-5.34376
-5.343
-5.3424
-5.34264
-5.34215
-5.34001
-5.34048
-5.34359
-5.34287
-5.34313
-5.34105
-5.34081
-5.33822
-5.33815
-5.33802
-5.33753
-5.33832
-5.3392
-5.33837
-5.33656
-5.33644
-5.33671
-5.33471
-5.33702
-5.33755
-5.33932
-5.33938
-5.33978
-5.33867
-5.34003
-5.33967
-5.3418
-5.34315
-5.34373
-5.34194
-5.34172
-5.34025
-5.33829
-5.33786
-5.33741
-5.33658
-5.33792
-5.33712
-5.33864
-5.34212
-5.3424
-5.34279
-5.34456
-5.3479
-5.34835
-5.34892
-5.34863
-5.34633
-5.34387
-5.34146
-5.34065
-5.33871
-5.33605
-5.33845
-5.33823
-5.33833
-5.33848
-5.33979
-5.34164
-5.34251
-5.34161
-5.34231
-5.34147
-5.33982
-5.33833
-5.33898
-5.33982
-5.33884
-5.34018
-5.33918
-5.33801
-5.33724
-5.33656
-5.33382
-5.33146
-5.33026
-5.33097
-5.33193
-5.33144
-5.33162
-5.33496
-5.33655
-5.33572
-5.33898
-5.34124
-5.3435
-5.34257
-5.34424
-5.34253
-5.34279
-5.33943
-5.33936
-5.33732
-5.33584
-5.33542
-5.33287
-5.33332
-5.33475
-5.33351
-5.33474
-5.33641
-5.33929
-5.34016
-5.34335
-5.34176
-5.34109
-5.3396
-5.33777
-5.33761
-5.33655
-5.33817
-5.33697
-5.33751
-5.33921
-5.3392
-5.34073
-5.34118
-5.34238
-5.34226
-5.34237
-5.34206
-5.34163
-5.34367
-5.34264
-5.34052
-5.34351
-5.34264
-5.34228
-5.34418
-5.34354
-5.34462
-5.34409
-5.34199
-5.34162
-5.3391
-5.33769
-5.33762
-5.3341
-5.33677
-5.33899
-5.34022
-5.34225
-5.34306
-5.34269
-5.34385
-5.345
-5.34715
-5.34506
-5.34449
-5.34315
-5.34299
-5.33983
-5.33634
-5.33546
-5.33405
-5.33572
-5.33438
-5.33394
-5.33471
-5.3353
-5.33497
-5.3339
-5.33528
-5.3356
-5.33466
-5.33512
-5.33786
-5.33853
-5.34063
-5.34217
-5.34164
-5.343
-5.34312
-5.34234
-5.34352
-5.34234
-5.34192
-5.34091
-5.34104
-5.34025
-5.33914
-5.33985
-5.34046
-5.34148
-5.34232
-5.34467
-5.34375
-5.34433
-5.34547
-5.34697
-5.34641
-5.3491
-5.34798
-5.34666
-5.3429
-5.34281
-5.34245
-5.34465
-5.34476
-5.34243
-5.34129
-5.34082
-5.33918
-5.33608
-5.33631
-5.33723
-5.33595
-5.33653
-5.33845
-5.33979
-5.33968
-5.34008
-5.34076
-5.33942
-5.34135
-5.34083
-5.34311
-5.34232
-5.34463
-5.34616
-5.34508
-5.34412
-5.34277
-5.34369
-5.344
-5.34498
-5.34396
-5.34173
-5.34162
-5.34245
-5.34251
-5.34119
-5.33962
-5.34024
-5.34155
-5.34294
-5.3405
-5.33713
-5.33636
-5.33495
-5.33582
-5.33544
-5.33614
-5.33605
-5.33434
-5.3353
-5.33732
-5.33902
-5.34178
-5.34373
-5.34394
-5.34358
-5.34391
-5.34506
-5.34367
-5.34256
-5.34129
-5.3397
-5.3398
-5.34215
-5.34271
-5.3432
-5.3438
-5.34223
-5.34054
-5.34053
-5.34141
-5.3417
-5.34176
-5.34406
-5.34382
-5.34305
-5.34416
-5.34545
-5.34495
-5.34336
-5.34053
-5.34055
-5.33943
-5.33702
-5.3373
-5.33611
-5.33663
-5.33749
-5.34015
-5.34118
-5.34107
-5.34161
-5.34145
-5.34353
-5.34444
-5.34215
-5.34301
-5.34219
-5.34278
-5.34199
-5.34196
-5.34145
-5.34153
-5.3417
-5.33811
-5.33555
-5.33455
-5.33501
-5.33527
-5.33505
-5.33612
-5.33572
-5.33624
-5.3371
-5.33663
-5.33667
-5.33711
-5.33457
-5.33476
-5.33594
-5.33705
-5.33751
-5.33516
-5.33637
-5.33618
-5.33793
-5.34065
-5.33962
-5.34012
-5.34105
-5.34047
-5.33883
-5.33891
-5.33891
-5.34017
-5.34103
-5.34135
-5.34
-5.34233
-5.34341
-5.34392
-5.34295
-5.34154
-5.34039
-5.33929
-5.33836
-5.33803
-5.33778
-5.33885
-5.34075
-5.34287
-5.3453
-5.34626
-5.34416
-5.34395
-5.34382
-5.34033
-5.33848
-5.33808
-5.33572
-5.33574
-5.33631
-5.33614
-5.33548
-5.33734
-5.33787
-5.34107
-5.34064
-5.3437
-5.34407
-5.34536
-5.34501
-5.34216
-5.3408
-5.34012
-5.33836
-5.33789
-5.33613
-5.33589
-5.33604
-5.33515
-5.33318
-5.33146
-5.3311
-5.3339
-5.33577
-5.33833
-5.33811
-5.33964
-5.33857
-5.34068
-5.3428
-5.34142
-5.34276
-5.33944
-5.34024
-5.33712
-5.33755
-5.33807
-5.33784
-5.33633
-5.33721
-5.33722
-5.33818
-5.33928
-5.34002
-5.3419
-5.34322
-5.34523
-5.34501
-5.34449
-5.34276
-5.34051
-5.34107
-5.34163
-5.34066
-5.34047
-5.33945
-5.33954
-5.33979
-5.33829
-5.3389
-5.33867
-5.33847
-5.3379
-5.33658
-5.33645
-5.33625
-5.33795
-5.33802
-5.3381
-5.33749
-5.33936
-5.33974
-5.34023
-5.33959
-5.33892
-5.33837
-5.33935
-5.33935
-5.33897
-5.33684
-5.33709
-5.33902
-5.33903
-5.33902
-5.3415
-5.34313
-5.34155
-5.34066
-5.34111
-5.3417
-5.33867
-5.33796
-5.33838
-5.33709
-5.33709
-5.33942
-5.34315
-5.34394
-5.34704
-5.34668
-5.34852
-5.34958
-5.3473
-5.34662
-5.34377
-5.34313
-5.34253
-5.34342
-5.34263
-5.34181
-5.34093
-5.34155
-5.34198
-5.3418
-5.34191
-5.34127
-5.33952
-5.33889
-5.33908
-5.33978
-5.33841
-5.33697
-5.33588
-5.3359
-5.33582
-5.33597
-5.34019
-5.34292
-5.34151
-5.3427
-5.34022
-5.3401
-5.34099
-5.34199
-5.34098
-5.3381
-5.3367
-5.33513
-5.33393
-5.33463
-5.33394
-5.33545
-5.33537
-5.33736
-5.3366
-5.33985
-5.33951
-5.34033
-5.33967
-5.34018
-5.33845
-5.33814
-5.33833
-5.33734
-5.33992
-5.3398
-5.34073
-5.34268
-5.34309
-5.34015
-5.33953
-5.33785
-5.33716
-5.33809
-5.33792
-5.33616
-5.33589
-5.33638
-5.33826
-5.33705
-5.33769
-5.33833
-5.34066
-5.34245
-5.34498
-5.34366
-5.34399
-5.34439
-5.34521
-5.34547
-5.34637
-5.34519
-5.34444
-5.34447
-5.34382
-5.34295
-5.34166
-5.34059
-5.34191
-5.34059
-5.34269
-5.34137
-5.33798
-5.33845
-5.33903
-5.33876
-5.33819
-5.33649
-5.33746
-5.33763
-5.3395
-5.33679
-5.33834
-5.3379
-5.3379
-5.33882
-5.33761
-5.33745
-5.33866
-5.33902
-5.34026
-5.33826
-5.33863
-5.33853
-5.33955
-5.34031
-5.34037
-5.33964
-5.33906
-5.33835
-5.337
-5.33577
-5.33509
-5.33534
-5.33679
-5.33808
-5.33811
-5.34099
-5.34083
-5.34081
-5.34125
-5.3441
-5.34419
-5.34482
-5.34389
-5.34353
-5.34284
-5.34496
-5.34599
-5.34657
-5.34595
-5.34428
-5.34183
-5.34149
-5.33958
-5.33969
-5.33914
-5.33969
-5.34122
-5.34079
-5.34135
-5.34233
-5.3434
-5.34323
-5.34272
-5.34244
-5.34137
-5.3398
-5.33964
-5.33769
-5.33818
-5.33699
-5.33654
-5.33761
-5.33966
-5.34105
-5.34389
-5.34546
-5.34277
-5.34552
-5.34819
-5.3478
-5.34653
-5.34332
-5.34139
-5.3408
-5.34137
-5.33997
-5.34091
-5.33944
-5.33862
-5.33864
-5.33764
-5.33942
-5.34116
-5.34033
-5.34315
-5.34363
-5.34597
-5.34605
-5.34752
-5.34854
-5.34751
-5.34576
-5.34459
-5.34469
-5.34255
-5.34208
-5.34133
-5.33997
-5.34061
-5.3427
-5.34335
-5.34133
-5.34241
-5.34394
-5.3445
-5.34207
-5.34177
-5.34295
-5.34236
-5.34068
-5.33953
-5.33894
-5.33863
-5.33993
-5.33895
-5.33962
-5.34071
-5.33943
-5.34069
-5.34086
-5.34038
-5.33972
-5.34233
-5.34241
-5.34234
-5.34092
-5.34049
-5.33944
-5.33937
-5.34154
-5.3398
-5.33971
-5.33974
-5.33799
-5.33703
-5.33623
-5.33726
-5.337
-5.33805
-5.34229
-5.34371
-5.34627
-5.34779
-5.34646
-5.34231
-5.34127
-5.34
-5.33936
-5.33757
-5.33698
-5.33637
-5.33703
-5.33631
-5.34088
-5.34091
-5.3411
-5.33977
-5.33981
-5.34033
-5.33858
-5.33577
-5.33453
-5.3356
-5.33321
-5.33574
-5.33502
-5.33999
-5.34198
-5.34475
-5.34458
-5.34493
-5.34548
-5.34537
-5.34534
-5.3439
-5.34173
-5.34077
-5.34095
-5.34209
-5.34205
-5.3426
-5.34268
-5.34297
-5.342
-5.34156
-5.34053
-5.33747
-5.33698
-5.33685
-5.33347
-5.33453
-5.33671
-5.33803
-5.3365
-5.33989
-5.34104
-5.34408
-5.34374
-5.34476
-5.34484
-5.34496
-5.34317
-5.34342
-5.34222
-5.34167
-5.34263
-5.34238
-5.34587
-5.34518
-5.34297
-5.34381
-5.34527
-5.34471
-5.34316
-5.33974
-5.3404
-5.33945
-5.33928
-5.33709
-5.33299
-5.33331
-5.33369
-5.33604
-5.33859
-5.33873
-5.33932
-5.3412
-5.34176
-5.34159
-5.34014
-5.341
-5.34358
-5.34207
-5.34263
-5.34359
-5.34222
-5.34068
-5.34248
-5.34022
-5.34085
-5.33968
-5.34043
-5.3418
-5.33884
-5.33982
-5.34038
-5.33886
-5.33862
-5.34173
-5.33922
-5.33885
-5.33922
-5.34018
-5.34063
-5.34014
-5.34199
-5.344
-5.34271
-5.34398
-5.34262
-5.34316
-5.34208
-5.34138
-5.34017
-5.3401
-5.34152
-5.34177
-5.34083
-5.34059
-5.34136
-5.34185
-5.34208
-5.34394
-5.34541
-5.34542
-5.34645
-5.34523
-5.34564
-5.34743
-5.34556
-5.34469
-5.34426
-5.34139
-5.34221
-5.34245
-5.33887
-5.34057
-5.34048
-5.34194
-5.34238
-5.34209
-5.34129
-5.34145
-5.34278
-5.34417
-5.34428
-5.34536
-5.34394
-5.34113
-5.33932
-5.33797
-5.33805
-5.33465
-5.33421
-5.33287
-5.33588
-5.33492
-5.33747
-5.33902
-5.34048
-5.3398
-5.34068
-5.34132
-5.34413
-5.34641
-5.34851
-5.34758
-5.3428
-5.34242
-5.34073
-5.33976
-5.3386
-5.33862
-5.33829
-5.33702
-5.33547
-5.33726
-5.33716
-5.33967
-5.34144
-5.34325
-5.34227
-5.34184
-5.34051
-5.34024
-5.33825
-5.33955
-5.34042
-5.34095
-5.3409
-5.34199
-5.34268
-5.34011
-5.33915
-5.33976
-5.33995
-5.34001
-5.34027
-5.34005
-5.34188
-5.34399
-5.34522
-5.34733
-5.34766
-5.34627
-5.34618
-5.34501
-5.34647
-5.34418
-5.34328
-5.34109
-5.34172
-5.33964
-5.33753
-5.33683
-5.33675
-5.33806
-5.3382
-5.33972
-5.34152
-5.34339
-5.34312
-5.34801
-5.34411
-5.34393
-5.34349
-5.34482
-5.34592
-5.34597
-5.3451
-5.3419
-5.34118
-5.34005
-5.34029
-5.33952
-5.33959
-5.3404
-5.34019
