0.816521
0.802571
0.792279
0.788928
0.794051
0.806649
0.823618
0.840849
0.854564
0.8623
0.863314
0.858479
0.849665
0.838984
0.828246
0.818598
0.810482
0.803663
0.797612
0.791762
0.785951
0.780427
0.775814
0.772887
0.772365
0.774578
0.779294
0.785938
0.794058
0.803562
0.814788
0.828104
0.843455
0.859934
0.875961
0.889747
0.899848
0.905347
0.905863
0.901553
0.89304
0.881654
0.869326
0.858183
0.850066
0.845966
0.845878
0.848999
0.85416
0.860226
0.866207
0.871342
0.875226
0.877805
0.879346
0.880245
0.880719
0.880574
0.879235
0.876045
0.870461
0.862086
0.850533
0.835603
0.817524
0.797332
0.776846
0.758425
0.744698
0.73815
0.740325
0.751079
0.768574
0.790119
0.813225
0.836137
0.857763
0.87733
0.894183
0.90758
0.91667
0.920667
0.919007
0.911633
0.899186
0.882992
0.864846
0.846713
0.830268
0.81669
0.806634
0.800281
0.797796
0.79964
0.806539
0.818749
0.835195
0.853101
0.868825
0.879153
0.882158
0.877435
0.866124
0.85077
0.835002
0.822615
0.816485
0.817695
0.825334
0.836917
0.849402
0.860207
0.86763
0.871098
0.870804
0.867522
0.862323
0.856456
0.851189
0.847603
0.846349
0.847402
0.849997
0.852668
0.853765
0.852049
0.847259
0.840189
0.832485
0.825961
0.822083
0.821571
0.824248
0.829367
0.835941
0.843081
0.850242
0.857316
0.864523
0.872062
0.879608
0.885708
0.888043
0.884313
0.873417
0.856004
0.834225
0.811055
0.789461
0.771919
0.760348
0.75627
0.760819
0.774239
0.795014
0.81985
0.844741
0.866384
0.882957
0.893821
0.89911
0.899242
0.894731
0.886163
0.874237
0.859973
0.844764
0.830238
0.818006
0.809134
0.803899
0.801946
0.802615
0.80515
0.80879
0.812647
0.815726
0.817327
0.817317
0.816307
0.815953
0.818648
0.826213
0.838097
0.851165
0.8614
0.866178
0.865216
0.860235
0.853958
0.849105
0.847644
0.85027
0.856326
0.864346
0.872797
0.880622
0.887465
0.893468
0.898626
0.902519
0.904399
0.903455
0.899022
0.890724
0.878608
0.863131
0.845188
0.826099
0.807457
0.790943
0.777899
0.769043
0.764191
0.762563
0.763329
0.766301
0.771959
0.780778
0.792456
0.805887
0.819614
0.832374
0.843552
0.853148
0.861586
0.869225
0.875885
0.880566
0.881641
0.877591
0.867924
0.85387
0.838266
0.824762
0.816663
0.815974
0.822882
0.835834
0.852129
0.868817
0.883491
0.894775
0.902309
0.906377
0.907668
0.90711
0.90557
0.903652
0.901461
0.898403
0.893359
0.88536
0.874065
0.859988
0.844145
0.82737
0.810077
0.792606
0.775892
0.761934
0.75338
0.752273
0.75883
0.771316
0.787076
0.803738
0.81973
0.834044
0.845814
0.85407
0.857847
0.856574
0.850554
0.841008
0.829931
0.819595
0.812406
0.810448
0.815056
0.826104
0.841909
0.85973
0.876625
0.890374
0.899816
0.904828
0.905853
0.903381
0.897756
0.889094
0.877459
0.862944
0.845722
0.826251
0.80545
0.784948
0.76719
0.754971
0.750841
0.756286
0.771164
0.7935
0.819858
0.846223
0.86894
0.885401
0.894519
0.896659
0.893431
0.887252
0.880578
0.875071
0.871021
0.867473
0.862873
0.855984
0.846548
0.835502
0.824961
0.817644
0.816083
0.821514
0.833474
0.850005
0.868252
0.88494
0.896889
0.901644
0.898008
0.886244
0.867902
0.845521
0.822143
0.800761
0.783962
0.773516
0.770073
0.77308
0.780941
0.791285
0.801573
0.809869
0.8156
0.819678
0.823845
0.829484
0.836733
0.844586
0.851696
0.857307
0.861557
0.865154
0.86877
0.872485
0.875587
0.876822
0.874936
0.869338
0.860425
0.849645
0.839033
0.83074
0.826448
0.827045
0.832604
0.842321
0.854574
0.867047
0.877253
0.883242
0.884231
0.880932
0.875165
0.869144
0.86449
0.861436
0.858943
0.85549
0.849969
0.842374
0.833821
0.826127
0.821173
0.820222
0.823535
0.830211
0.838635
0.847036
0.853911
0.858228
0.859406
0.857355
0.852717
0.846934
0.842312
0.841449
0.846248
0.857109
0.872564
0.889781
0.905462
0.916738
0.921467
0.918417
0.907192
0.888322
0.86332
0.834642
0.805576
0.779863
0.761063
0.751727
0.75268
0.762971
0.780487
0.802578
0.826524
0.849624
0.869439
0.883997
0.892026
0.893174
0.888228
0.878936
0.867519
0.855932
0.84521
0.835327
0.825651
0.815551
0.80488
0.794585
0.78674
0.78391
0.787938
0.798678
0.814356
0.832511
0.850826
0.867303
0.880468
0.889196
0.892762
0.890723
0.88289
0.869518
0.85158
0.830899
0.810111
0.79219
0.779681
0.774065
0.775757
0.784122
0.797888
0.81532
0.834492
0.853413
0.870278
0.883592
0.89232
0.896113
0.89523
0.890425
0.882626
0.872763
0.861823
0.850946
0.841399
0.834199
0.829931
0.828529
0.829517
0.832163
0.835892
0.840279
0.845149
0.850519
0.856341
0.862149
0.866888
0.869188
0.86777
0.861874
0.851791
0.838703
0.824471
0.811072
0.800125
0.792644
0.789189
0.790043
0.795251
0.804456
0.816677
0.830267
0.843242
0.853675
0.860031
0.86146
0.85792
0.850066
0.839208
0.827143
0.816194
0.809129
0.808517
0.815641
0.829932
0.849313
0.870952
0.891883
0.909459
0.921742
0.927742
0.927371
0.921398
0.911314
0.898991
0.886364
0.875037
0.866131
0.860221
0.857367
0.857148
0.858737
0.861061
0.863043
0.863736
0.862215
0.857756
0.850179
0.840035
0.828508
0.817161
0.80739
0.800272
0.796479
0.796321
0.799516
0.804978
0.810954
0.815669
0.818086
0.818236
0.817048
0.81566
0.814792
0.81446
0.814192
0.813384
0.811907
0.810246
0.809396
0.810381
0.813598
0.818508
0.823973
0.828927
0.832978
0.836634
0.840893
0.846799
0.854863
0.86477
0.875341
0.884826
0.891415
0.893821
0.891807
0.886286
0.879206
0.872871
0.869124
0.868764
0.871448
0.876039
0.880988
0.884941
0.886982
0.886776
0.88456
0.880949
0.876598
0.871946
0.867213
0.862718
0.859003
0.856727
0.856226
0.857081
0.858091
0.857795
0.855332
0.850878
0.845616
0.841117
0.838587
0.838292
0.839622
0.841424
0.842582
0.842608
0.841753
0.840808
0.840394
0.84011
0.838561
0.834296
0.826934
0.817695
0.808816
0.802541
0.800296
0.802296
0.80774
0.815176
0.822908
0.829449
0.833737
0.835391
0.834789
0.83289
0.830797
0.829286
0.828435
0.827602
0.825659
0.821562
0.81485
0.805879
0.795829
0.786442
0.779467
0.776235
0.77744
0.783033
0.79236
0.804386
0.81791
0.831663
0.844437
0.855239
0.86389
0.871314
0.879457
0.890314
0.90436
0.919736
0.932974
0.940707
0.941043
0.934064
0.921532
0.906137
0.890362
0.875746
0.862713
0.851161
0.841092
0.832876
0.827151
0.824443
0.824915
0.828205
0.833556
0.839862
0.845867
0.850302
0.85203
0.850304
0.845145
0.837586
0.82954
0.823206
0.820203
0.821144
0.825921
0.834175
0.845417
0.858972
0.873582
0.887394
0.898199
0.903891
0.902996
0.894958
0.879935
0.858703
0.832874
0.805231
0.779528
0.759612
0.748271
0.7466
0.753886
0.767999
0.786232
0.806092
0.825742
0.843966
0.860024
0.873325
0.883353
0.889804
0.892651
0.892161
0.888677
0.882463
0.873809
0.863393
0.852319
0.84201
0.833934
0.829197
0.828254
0.830847
0.836261
0.843556
0.851755
0.859976
0.867437
0.873413
0.877482
0.879462
0.879282
0.876923
0.872775
0.867884
0.863953
0.862665
0.86477
0.869678
0.875767
0.881155
0.884426
0.884876
0.882363
0.877067
0.869136
0.858536
0.845036
0.828607
0.80975
0.78945
0.768707
0.748486
0.729989
0.715009
0.705794
0.704495
0.712469
0.729586
0.754047
0.782588
0.811341
0.836825
0.856723
0.870188
0.877612
0.880217
0.879818
0.878453
0.877944
0.87951
0.883528
0.889471
0.896033
0.901584
0.904636
0.904548
0.902044
0.898955
0.896539
0.894224
0.890231
0.883488
0.874599
0.865152
0.856492
0.849019
0.842189
0.835154
0.827375
0.819031
0.811085
0.805031
0.802552
0.805052
0.813125
0.826126
0.842076
0.858121
0.87115
0.878674
0.879262
0.872708
0.859925
0.842726
0.823348
0.80408
0.78676
0.7727
0.762739
0.757438
0.757258
0.762513
0.773189
0.788661
0.807594
0.828164
0.848392
0.866332
0.880292
0.888922
0.891621
0.888999
0.883115
0.877138
0.874038
0.875435
0.881075
0.889139
0.897091
0.902378
0.902947
0.897532
0.885673
0.867819
0.845204
0.819811
0.794512
0.773432
0.761363
0.761611
0.773459
0.792326
0.812965
0.831942
0.847868
0.860488
0.870055
0.877041
0.882114
0.886139
0.889856
0.893369
0.895936
0.896182
0.892694
0.884762
0.872756
0.858135
0.842941
0.828979
0.817149
0.80724
0.798475
0.790279
0.782896
0.777414
0.775245
0.777444
0.784191
0.794675
0.807282
0.820152
0.831837
0.841572
0.849069
0.854145
0.856529
0.855987
0.852658
0.847204
0.840676
0.834295
0.829144
0.826011
0.825407
0.827627
0.832964
0.841789
0.854369
0.870524
0.889557
0.910069
0.930078
0.94743
0.960234
0.967313
0.968416
0.964044
0.955115
0.942577
0.927087
0.909099
0.889119
0.867915
0.846865
0.827734
0.812309
0.80193
0.797048
0.797229
0.801207
0.807056
0.812601
0.815958
0.815951
0.812354
0.805734
0.797002
0.786911
0.775898
0.764292
0.752776
0.742569
0.735395
0.733206
0.737798
0.750414
0.77137
0.799715
0.833285
0.868922
0.903087
0.932544
0.954868
0.9686
0.973251
0.968963
0.956408
0.936737
0.911587
0.883122
0.853759
0.826172
0.803032
0.786819
0.77946
0.781973
0.79393
0.813303
0.836752
0.860403
0.880866
0.89576
0.903822
0.904614
0.898303
0.885644
0.868015
0.847261
0.825445
0.804545
0.786282
0.772059
0.763161
0.760824
0.766045
0.779128
0.799205
0.824096
0.850817
0.876232
0.897779
0.913976
0.924598
0.930251
0.931751
0.929506
0.923199
0.912054
0.895507
0.873777
0.848222
0.821208
0.79564
0.774433
0.759992
0.753597
0.754905
0.762053
0.772545
0.784489
0.797482
0.812264
0.829793
0.850219
0.872439
0.894221
0.912775
0.925214
0.92929
0.923909
0.9095
0.888088
0.863062
