1.22478
1.20386
1.18842
1.18339
1.19108
1.20997
1.23543
1.26127
1.28185
1.29345
1.29497
1.28772
1.2745
1.25848
1.24237
1.2279
1.21572
1.20549
1.19642
1.18764
1.17893
1.17064
1.16372
1.15933
1.15855
1.16187
1.16894
1.17891
1.19109
1.20534
1.22218
1.24216
1.26518
1.2899
1.31394
1.33462
1.34977
1.35802
1.35879
1.35233
1.33956
1.32248
1.30399
1.28728
1.2751
1.26895
1.26882
1.2735
1.28124
1.29034
1.29931
1.30701
1.31284
1.31671
1.31902
1.32037
1.32108
1.32086
1.31885
1.31407
1.30569
1.29313
1.2758
1.2534
1.22629
1.196
1.16527
1.13764
1.11705
1.10722
1.11049
1.12662
1.15286
1.18518
1.21984
1.25421
1.28664
1.31599
1.34127
1.36137
1.375
1.381
1.37851
1.36745
1.34878
1.32449
1.29727
1.27007
1.2454
1.22504
1.20995
1.20042
1.19669
1.19946
1.20981
1.22812
1.25279
1.27965
1.30324
1.31873
1.32324
1.31615
1.29919
1.27616
1.2525
1.23392
1.22473
1.22654
1.238
1.25538
1.2741
1.29031
1.30145
1.30665
1.30621
1.30128
1.29348
1.28468
1.27678
1.2714
1.26952
1.2711
1.275
1.279
1.28065
1.27807
1.27089
1.26028
1.24873
1.23894
1.23312
1.23236
1.23637
1.24405
1.25391
1.26462
1.27536
1.28597
1.29678
1.30809
1.31941
1.32856
1.33207
1.32647
1.31012
1.28401
1.25134
1.21658
1.18419
1.15788
1.14052
1.13441
1.14123
1.16136
1.19252
1.22978
1.26711
1.29958
1.32444
1.34073
1.34866
1.34886
1.3421
1.32924
1.31136
1.28996
1.26715
1.24536
1.22701
1.2137
1.20585
1.20292
1.20392
1.20773
1.21318
1.21897
1.22359
1.22599
1.22597
1.22446
1.22393
1.22797
1.23932
1.25715
1.27675
1.2921
1.29927
1.29782
1.29035
1.28094
1.27366
1.27147
1.27541
1.28449
1.29652
1.3092
1.32093
1.3312
1.3402
1.34794
1.35378
1.3566
1.35518
1.34853
1.33609
1.31791
1.2947
1.26778
1.23915
1.21119
1.18641
1.16685
1.15356
1.14629
1.14385
1.14499
1.14945
1.15794
1.17117
1.18868
1.20883
1.22942
1.24856
1.26533
1.27972
1.29238
1.30384
1.31383
1.32085
1.32246
1.31639
1.30189
1.2808
1.2574
1.23714
1.22499
1.22396
1.23432
1.25375
1.27819
1.30323
1.32524
1.34216
1.35346
1.35956
1.3615
1.36066
1.35835
1.35548
1.35219
1.3476
1.34004
1.32804
1.3111
1.28998
1.26622
1.24106
1.21511
1.18891
1.16384
1.1429
1.13007
1.12841
1.13824
1.15697
1.18061
1.20561
1.22959
1.25107
1.26872
1.2811
1.28677
1.28486
1.27583
1.26151
1.2449
1.22939
1.21861
1.21567
1.22258
1.23916
1.26286
1.28959
1.31494
1.33556
1.34972
1.35724
1.35878
1.35507
1.34663
1.33364
1.31619
1.29442
1.26858
1.23938
1.20817
1.17742
1.15078
1.13246
1.12626
1.13443
1.15675
1.19025
1.22979
1.26933
1.30341
1.3281
1.34178
1.34499
1.34015
1.33088
1.32087
1.31261
1.30653
1.30121
1.29431
1.28398
1.26982
1.25325
1.23744
1.22647
1.22412
1.23227
1.25021
1.27501
1.30238
1.32741
1.34533
1.35247
1.34701
1.32937
1.30185
1.26828
1.23321
1.20114
1.17594
1.16027
1.15511
1.15962
1.17141
1.18693
1.20236
1.2148
1.2234
1.22952
1.23577
1.24423
1.2551
1.26688
1.27754
1.28596
1.29234
1.29773
1.30315
1.30873
1.31338
1.31523
1.3124
1.30401
1.29064
1.27447
1.25855
1.24611
1.23967
1.24057
1.24891
1.26348
1.28186
1.30057
1.31588
1.32486
1.32635
1.3214
1.31275
1.30372
1.29673
1.29215
1.28842
1.28323
1.27495
1.26356
1.25073
1.23919
1.23176
1.23033
1.2353
1.24532
1.25795
1.27055
1.28087
1.28734
1.28911
1.28603
1.27908
1.2704
1.26347
1.26217
1.26937
1.28566
1.30885
1.33467
1.35819
1.37511
1.3822
1.37763
1.36079
1.33248
1.29498
1.25196
1.20836
1.16979
1.14159
1.12759
1.12902
1.14446
1.17073
1.20387
1.23979
1.27444
1.30416
1.326
1.33804
1.33976
1.33234
1.3184
1.30128
1.2839
1.26782
1.25299
1.23848
1.22333
1.20732
1.19188
1.18011
1.17587
1.18191
1.19802
1.22153
1.24877
1.27624
1.30095
1.3207
1.33379
1.33914
1.33608
1.32433
1.30428
1.27737
1.24635
1.21517
1.18828
1.16952
1.1611
1.16364
1.17618
1.19683
1.22298
1.25174
1.28012
1.30542
1.32539
1.33848
1.34417
1.34284
1.33564
1.32394
1.30914
1.29273
1.27642
1.2621
1.2513
1.2449
1.24279
1.24427
1.24824
1.25384
1.26042
1.26772
1.27578
1.28451
1.29322
1.30033
1.30378
1.30165
1.29281
1.27769
1.25805
1.23671
1.21661
1.20019
1.18897
1.18378
1.18506
1.19288
1.20668
1.22502
1.2454
1.26486
1.28051
1.29005
1.29219
1.28688
1.2751
1.25881
1.24072
1.22429
1.21369
1.21278
1.22346
1.2449
1.27397
1.30643
1.33782
1.36419
1.38261
1.39161
1.39106
1.3821
1.36697
1.34849
1.32955
1.31256
1.2992
1.29033
1.28605
1.28572
1.28811
1.29159
1.29456
1.2956
1.29332
1.28663
1.27527
1.26005
1.24276
1.22574
1.21109
1.20041
1.19472
1.19448
1.19927
1.20747
1.21643
1.2235
1.22713
1.22735
1.22557
1.22349
1.22219
1.22169
1.22129
1.22008
1.21786
1.21537
1.21409
1.21557
1.2204
1.22776
1.23596
1.24339
1.24947
1.25495
1.26134
1.2702
1.28229
1.29715
1.31301
1.32724
1.33712
1.34073
1.33771
1.32943
1.31881
1.30931
1.30369
1.30315
1.30717
1.31406
1.32148
1.32741
1.33047
1.33016
1.32684
1.32142
1.3149
1.30792
1.30082
1.29408
1.2885
1.28509
1.28434
1.28562
1.28714
1.28669
1.283
1.27632
1.26842
1.26168
1.25788
1.25744
1.25943
1.26214
1.26387
1.26391
1.26263
1.26121
1.26059
1.26017
1.25784
1.25144
1.2404
1.22654
1.21322
1.20381
1.20044
1.20344
1.21161
1.22276
1.23436
1.24417
1.2506
1.25309
1.25218
1.24934
1.2462
1.24393
1.24265
1.2414
1.23849
1.23234
1.22227
1.20882
1.19374
1.17966
1.1692
1.16435
1.16616
1.17455
1.18854
1.20658
1.22686
1.24749
1.26666
1.28286
1.29584
1.30697
1.31919
1.33547
1.35654
1.3796
1.39946
1.41106
1.41156
1.4011
1.3823
1.35921
1.33554
1.31362
1.29407
1.27674
1.26164
1.24931
1.24073
1.23666
1.23737
1.24231
1.25033
1.25979
1.2688
1.27545
1.27804
1.27546
1.26772
1.25638
1.24431
1.23481
1.2303
1.23172
1.23888
1.25126
1.26813
1.28846
1.31037
1.33109
1.3473
1.35584
1.35449
1.34244
1.3199
1.28805
1.24931
1.20785
1.16929
1.13942
1.12241
1.1199
1.13083
1.152
1.17935
1.20914
1.23861
1.26595
1.29004
1.30999
1.32503
1.33471
1.33898
1.33824
1.33302
1.32369
1.31071
1.29509
1.27848
1.26301
1.2509
1.2438
1.24238
1.24627
1.25439
1.26533
1.27763
1.28996
1.30116
1.31012
1.31622
1.31919
1.31892
1.31538
1.30916
1.30183
1.29593
1.294
1.29716
1.30452
1.31365
1.32173
1.32664
1.32731
1.32354
1.3156
1.3037
1.2878
1.26755
1.24291
1.21463
1.18417
1.15306
1.12273
1.09498
1.07251
1.05869
1.05674
1.0687
1.09438
1.13107
1.17388
1.21701
1.25524
1.28508
1.30528
1.31642
1.32032
1.31973
1.31768
1.31692
1.31927
1.32529
1.33421
1.34405
1.35238
1.35695
1.35682
1.35307
1.34843
1.34481
1.34134
1.33535
1.32523
1.3119
1.29773
1.28474
1.27353
1.26328
1.25273
1.24106
1.22855
1.21663
1.20755
1.20383
1.20758
1.21969
1.23919
1.26311
1.28718
1.30673
1.31801
1.31889
1.30906
1.28989
1.26409
1.23502
1.20612
1.18014
1.15905
1.14411
1.13616
1.13589
1.14377
1.15978
1.18299
1.21139
1.24225
1.27259
1.2995
1.32044
1.33338
1.33743
1.3335
1.32467
1.31571
1.31106
1.31315
1.32161
1.33371
1.34564
1.35357
1.35442
1.3463
1.32851
1.30173
1.26781
1.22972
1.19177
1.16015
1.14204
1.14242
1.16019
1.18849
1.21945
1.24791
1.2718
1.29073
1.30508
1.31556
1.32317
1.32921
1.33478
1.34005
1.3439
1.34427
1.33904
1.32714
1.30913
1.2872
1.26441
1.24347
1.22572
1.21086
1.19771
1.18542
1.17434
1.16612
1.16287
1.16617
1.17629
1.19201
1.21092
1.23023
1.24776
1.26236
1.2736
1.28122
1.28479
1.28398
1.27899
1.27081
1.26101
1.25144
1.24372
1.23902
1.23811
1.24144
1.24945
1.26268
1.28155
1.30579
1.33434
1.3651
1.39512
1.42115
1.44035
1.45097
1.45262
1.44607
1.43267
1.41386
1.39063
1.36365
1.33368
1.30187
1.2703
1.2416
1.21846
1.20289
1.19557
1.19584
1.20181
1.21058
1.2189
1.22394
1.22393
1.21853
1.2086
1.1955
1.18037
1.16385
1.14644
1.12916
1.11385
1.10309
1.09981
1.1067
1.12562
1.15706
1.19957
1.24993
1.30338
1.35463
1.39882
1.4323
1.4529
1.45988
1.45344
1.43461
1.40511
1.36738
1.32468
1.28064
1.23926
1.20455
1.18023
1.16919
1.17296
1.19089
1.21995
1.25513
1.2906
1.3213
1.34364
1.35573
1.35692
1.34745
1.32847
1.30202
1.27089
1.23817
1.20682
1.17942
1.15809
1.14474
1.14124
1.14907
1.16869
1.19881
1.23614
1.27623
1.31435
1.34667
1.37096
1.3869
1.39538
1.39763
1.39426
1.3848
1.36808
1.34326
1.31067
1.27233
1.23181
1.19346
1.16165
1.13999
1.13039
1.13236
1.14308
1.15882
1.17673
1.19622
1.2184
1.24469
1.27533
1.30866
1.34133
1.36916
1.38782
1.39393
1.38586
1.36425
1.33213
1.29459
