-6.56279
-6.5441
-6.53113
-6.52635
-6.53562
-6.55412
-6.5812
-6.60805
-6.62785
-6.63748
-6.63965
-6.63101
-6.61769
-6.60188
-6.5836
-6.56741
-6.55545
-6.54635
-6.53734
-6.52792
-6.52019
-6.51102
-6.50397
-6.49796
-6.49499
-6.49968
-6.50774
-6.51827
-6.53
-6.54675
-6.56583
-6.5858
-6.60779
-6.63418
-6.6593
-6.68307
-6.69694
-6.70316
-6.70189
-6.69247
-6.67948
-6.66471
-6.64463
-6.62729
-6.61406
-6.61015
-6.61186
-6.61726
-6.62424
-6.63274
-6.64195
-6.64916
-6.65285
-6.65718
-6.66261
-6.66324
-6.6642
-6.66191
-6.65967
-6.65229
-6.64385
-6.63115
-6.61333
-6.59172
-6.56549
-6.53437
-6.50183
-6.47408
-6.45376
-6.44194
-6.44751
-6.46417
-6.49218
-6.52456
-6.55961
-6.59288
-6.62668
-6.65566
-6.68307
-6.70452
-6.71874
-6.72294
-6.72023
-6.7077
-6.68706
-6.66235
-6.63468
-6.60665
-6.58332
-6.56215
-6.54859
-6.54254
-6.5391
-6.54225
-6.55437
-6.57602
-6.60114
-6.62858
-6.65187
-6.66506
-6.6671
-6.65762
-6.63984
-6.61486
-6.58856
-6.57237
-6.56296
-6.56488
-6.57648
-6.59517
-6.61574
-6.63283
-6.64306
-6.64896
-6.64768
-6.6411
-6.63181
-6.62367
-6.6166
-6.61025
-6.6097
-6.61029
-6.61301
-6.61624
-6.61721
-6.6119
-6.60235
-6.59055
-6.5797
-6.57087
-6.56456
-6.56398
-6.57134
-6.5806
-6.58963
-6.60361
-6.6166
-6.62948
-6.63936
-6.65233
-6.66194
-6.67135
-6.67149
-6.66583
-6.64745
-6.61985
-6.58676
-6.54945
-6.51751
-6.49263
-6.47403
-6.46914
-6.47764
-6.50065
-6.53268
-6.57313
-6.60887
-6.64066
-6.66404
-6.67851
-6.68628
-6.68542
-6.68027
-6.66621
-6.64887
-6.62917
-6.60634
-6.58609
-6.56819
-6.55608
-6.54811
-6.54529
-6.54598
-6.54935
-6.55685
-6.56161
-6.5641
-6.5695
-6.56862
-6.56674
-6.56811
-6.57151
-6.58394
-6.60124
-6.61874
-6.63372
-6.63836
-6.63552
-6.62797
-6.61504
-6.61043
-6.61045
-6.61563
-6.62674
-6.63958
-6.65189
-6.66478
-6.6762
-6.68735
-6.693
-6.69827
-6.69975
-6.69817
-6.68837
-6.67242
-6.65337
-6.62875
-6.6035
-6.57353
-6.54513
-6.52112
-6.50215
-6.48853
-6.48018
-6.47912
-6.48059
-6.48412
-6.49305
-6.50903
-6.52722
-6.54946
-6.57159
-6.5902
-6.60833
-6.62284
-6.63472
-6.64735
-6.65617
-6.66276
-6.66338
-6.65742
-6.64214
-6.61995
-6.59725
-6.5776
-6.56647
-6.56628
-6.57899
-6.5975
-6.62253
-6.64869
-6.67221
-6.68857
-6.70256
-6.70754
-6.70817
-6.70356
-6.70116
-6.69793
-6.69684
-6.69236
-6.68247
-6.66933
-6.65191
-6.62917
-6.6023
-6.57736
-6.55234
-6.52486
-6.50037
-6.48135
-6.46986
-6.46809
-6.47833
-6.49773
-6.52003
-6.54695
-6.57043
-6.59417
-6.61104
-6.62573
-6.63293
-6.62994
-6.61995
-6.60428
-6.58859
-6.57339
-6.56359
-6.55963
-6.56432
-6.58078
-6.60532
-6.6321
-6.65613
-6.67518
-6.68996
-6.69879
-6.70172
-6.69558
-6.68377
-6.67
-6.65113
-6.63024
-6.60403
-6.57552
-6.54422
-6.51176
-6.48608
-6.46978
-6.46528
-6.47621
-6.50048
-6.53419
-6.57336
-6.61324
-6.64846
-6.67177
-6.68434
-6.68628
-6.67985
-6.67067
-6.66302
-6.65532
-6.64973
-6.64501
-6.63654
-6.62451
-6.61035
-6.59466
-6.57914
-6.56822
-6.56819
-6.57609
-6.59326
-6.61917
-6.64783
-6.67236
-6.6887
-6.693
-6.68756
-6.6688
-6.63887
-6.60559
-6.56932
-6.53777
-6.51343
-6.50042
-6.49629
-6.50069
-6.51303
-6.52838
-6.54589
-6.55924
-6.56555
-6.57253
-6.57796
-6.58701
-6.59709
-6.60884
-6.61899
-6.62749
-6.63404
-6.63584
-6.6387
-6.64328
-6.64839
-6.65051
-6.64746
-6.64013
-6.62636
-6.61071
-6.59564
-6.58274
-6.57634
-6.57768
-6.58348
-6.59824
-6.6178
-6.63763
-6.65339
-6.66002
-6.66272
-6.65758
-6.65068
-6.64436
-6.63635
-6.63227
-6.62947
-6.6237
-6.61379
-6.60247
-6.58964
-6.57936
-6.57279
-6.57169
-6.5753
-6.58764
-6.60136
-6.61448
-6.62382
-6.62888
-6.6295
-6.62533
-6.61743
-6.60843
-6.60124
-6.60102
-6.61012
-6.62854
-6.65414
-6.68093
-6.70236
-6.71906
-6.72602
-6.71796
-6.69927
-6.67056
-6.6307
-6.58771
-6.54467
-6.50594
-6.47708
-6.46493
-6.46689
-6.48552
-6.51137
-6.54756
-6.58386
-6.61979
-6.64917
-6.66815
-6.67884
-6.67989
-6.67071
-6.65629
-6.63741
-6.61979
-6.60386
-6.58814
-6.57166
-6.55479
-6.53842
-6.52577
-6.51588
-6.5142
-6.52001
-6.53766
-6.5601
-6.58945
-6.61904
-6.64238
-6.66347
-6.67324
-6.67938
-6.6732
-6.66188
-6.64235
-6.61521
-6.58268
-6.55237
-6.52551
-6.5077
-6.50037
-6.50365
-6.51808
-6.54005
-6.56821
-6.59675
-6.62461
-6.64817
-6.66589
-6.67954
-6.6858
-6.6835
-6.67611
-6.66338
-6.64869
-6.63253
-6.6147
-6.601
-6.58996
-6.58336
-6.58069
-6.58085
-6.5847
-6.59009
-6.59837
-6.60574
-6.61387
-6.62201
-6.63259
-6.64007
-6.64402
-6.64125
-6.63173
-6.61605
-6.59741
-6.57605
-6.55558
-6.53703
-6.52606
-6.5228
-6.52409
-6.5319
-6.54818
-6.56814
-6.58695
-6.60552
-6.62162
-6.63175
-6.63086
-6.62484
-6.61348
-6.59591
-6.5778
-6.56371
-6.55684
-6.55672
-6.5705
-6.59158
-6.62249
-6.65601
-6.68513
-6.7108
-6.72639
-6.73474
-6.73359
-6.72552
-6.7096
-6.69029
-6.67048
-6.65411
-6.64117
-6.63213
-6.62796
-6.627
-6.62762
-6.63048
-6.63365
-6.63539
-6.63174
-6.6236
-6.61115
-6.59596
-6.57858
-6.56171
-6.55127
-6.54333
-6.53623
-6.53718
-6.53949
-6.54757
-6.55743
-6.5655
-6.5681
-6.56546
-6.56227
-6.55862
-6.55612
-6.55632
-6.55522
-6.55553
-6.55323
-6.55273
-6.5507
-6.55542
-6.55991
-6.56809
-6.57563
-6.58357
-6.58792
-6.59309
-6.59967
-6.60753
-6.62221
-6.63695
-6.65374
-6.66992
-6.68021
-6.68088
-6.67724
-6.66728
-6.65597
-6.6474
-6.64161
-6.63931
-6.64306
-6.65044
-6.65974
-6.66446
-6.66816
-6.66849
-6.66751
-6.66388
-6.65987
-6.65157
-6.64481
-6.63846
-6.63371
-6.63056
-6.6307
-6.63081
-6.63158
-6.63116
-6.62681
-6.61926
-6.61008
-6.60227
-6.59979
-6.59803
-6.60213
-6.6035
-6.60185
-6.60237
-6.60166
-6.59997
-6.59878
-6.59665
-6.5953
-6.58907
-6.5799
-6.56334
-6.55156
-6.54172
-6.53835
-6.54227
-6.54922
-6.56021
-6.57302
-6.5832
-6.59086
-6.59134
-6.59082
-6.58787
-6.58575
-6.58424
-6.58303
-6.58104
-6.57755
-6.5707
-6.55927
-6.54458
-6.52883
-6.515
-6.50599
-6.50243
-6.50427
-6.51554
-6.52936
-6.54739
-6.56812
-6.5916
-6.61084
-6.62768
-6.63973
-6.6505
-6.66203
-6.68043
-6.70253
-6.72618
-6.74542
-6.75534
-6.7534
-6.74259
-6.72187
-6.6989
-6.67468
-6.65331
-6.63529
-6.61753
-6.60299
-6.59164
-6.58413
-6.5799
-6.58009
-6.58475
-6.5917
-6.59959
-6.60844
-6.61314
-6.61623
-6.61245
-6.60425
-6.59399
-6.58398
-6.57586
-6.57419
-6.57717
-6.58165
-6.59678
-6.61631
-6.63626
-6.6569
-6.67441
-6.68869
-6.69664
-6.69586
-6.68241
-6.66081
-6.62749
-6.58793
-6.54649
-6.50693
-6.47883
-6.46357
-6.46023
-6.47397
-6.49563
-6.52532
-6.55519
-6.58613
-6.61449
-6.63755
-6.65575
-6.66962
-6.6794
-6.68153
-6.68032
-6.67434
-6.66366
-6.65133
-6.63779
-6.62183
-6.60434
-6.59331
-6.58773
-6.58688
-6.58834
-6.59616
-6.60828
-6.61999
-6.63064
-6.64068
-6.64905
-6.65485
-6.65912
-6.65787
-6.655
-6.64987
-6.64125
-6.63662
-6.63486
-6.63754
-6.64423
-6.65598
-6.66414
-6.66898
-6.66824
-6.66404
-6.65504
-6.64308
-6.62935
-6.60735
-6.58262
-6.55437
-6.52216
-6.49009
-6.45896
-6.43225
-6.40951
-6.39674
-6.39903
-6.41241
-6.44065
-6.47886
-6.52035
-6.55932
-6.5965
-6.62508
-6.64465
-6.65399
-6.65731
-6.6561
-6.65471
-6.65322
-6.66015
-6.6662
-6.67531
-6.68382
-6.69219
-6.69728
-6.6954
-6.68884
-6.68296
-6.6804
-6.67454
-6.67108
-6.66025
-6.65189
-6.63971
-6.62949
-6.6181
-6.60821
-6.59821
-6.58643
-6.57389
-6.56053
-6.54928
-6.5446
-6.54852
-6.56178
-6.58124
-6.60571
-6.62986
-6.6497
-6.66001
-6.66045
-6.6496
-6.62736
-6.60107
-6.57187
-6.53959
-6.51467
-6.49576
-6.48213
-6.47265
-6.47577
-6.48481
-6.50387
-6.52673
-6.55615
-6.58709
-6.61755
-6.64267
-6.66386
-6.67561
-6.6791
-6.67612
-6.66705
-6.66158
-6.65624
-6.65612
-6.66542
-6.67898
-6.69035
-6.69673
-6.69416
-6.6867
-6.66796
-6.64101
-6.60489
-6.56271
-6.52508
-6.49384
-6.47808
-6.48101
-6.49891
-6.52781
-6.56064
-6.58967
-6.61339
-6.63087
-6.64609
-6.65914
-6.66524
-6.67184
-6.67837
-6.68228
-6.68459
-6.68675
-6.67926
-6.66799
-6.64882
-6.62763
-6.60621
-6.58231
-6.56554
-6.55124
-6.53658
-6.52404
-6.51608
-6.50534
-6.50172
-6.50539
-6.51647
-6.53264
-6.55106
-6.57222
-6.59175
-6.60506
-6.61758
-6.62384
-6.62796
-6.62606
-6.62036
-6.61097
-6.60112
-6.59296
-6.58549
-6.57985
-6.5787
-6.5828
-6.5913
-6.60477
-6.62549
-6.65119
-6.67975
-6.71156
-6.74035
-6.76679
-6.78778
-6.79653
-6.79731
-6.79032
-6.77407
-6.75607
-6.73308
-6.70252
-6.67425
-6.64235
-6.61224
-6.58398
-6.56055
-6.54418
-6.53702
-6.53862
-6.54598
-6.55486
-6.56426
-6.56788
-6.56505
-6.55785
-6.54657
-6.53355
-6.51502
-6.49806
-6.47931
-6.46505
-6.44877
-6.44057
-6.43883
-6.44718
-6.46542
-6.49774
-6.54089
-6.59405
-6.6498
-6.70314
-6.74639
-6.7751
-6.79532
-6.80061
-6.7932
-6.77321
-6.74373
-6.70567
-6.6617
-6.61611
-6.57652
-6.54171
-6.5199
-6.51063
-6.5162
-6.53316
-6.56179
-6.59564
-6.63085
-6.65955
-6.68319
-6.69615
-6.69787
-6.68835
-6.67045
-6.6447
-6.611
-6.57731
-6.54657
-6.51937
-6.4981
-6.48501
-6.48128
-6.49095
-6.51268
-6.54402
-6.58347
-6.62389
-6.66061
-6.69285
-6.71597
-6.73337
-6.73956
-6.74091
-6.73535
-6.72652
-6.70772
-6.68079
-6.6475
-6.60909
-6.56987
-6.53166
-6.50137
-6.48151
-6.47378
-6.47548
-6.49109
-6.50293
-6.52067
-6.53971
-6.56321
-6.5906
-6.6213
-6.65376
-6.68323
-6.71034
-6.72787
-6.73423
-6.72538
-6.70383
-6.67254
-6.63478
