-3.34358,0
-3.34278,0.000800069
-3.34225,0.000698472
-3.34276,0.000711407
-3.34245,0.000636177
-3.34183,0.000806626
-3.34117,0.000947043
-3.34114,0.000820924
-3.34118,0.000725211
-3.34117,0.000648755
-3.3413,0.000601119
-3.34134,0.000550442
-3.34154,0.000546055
-3.34165,0.000516131
-3.3416,0.000482698
-3.34158,0.000451961
-3.3418,0.000477813
-3.34198,0.000485013
-3.34214,0.000486593
-3.34233,0.000496071
-3.3426,0.000544165
-3.34277,0.000548182
-3.3428,0.000524504
-3.34276,0.00050396
-3.3428,0.00048523
-3.34284,0.000468196
-3.3429,0.000454031
-3.3429,0.000437526
-3.34294,0.000424874
-3.34312,0.000446187
-3.34312,0.000431555
-3.34312,0.000417851
-3.34314,0.00040552
-3.34323,0.000403954
-3.34321,0.000392612
-3.34333,0.000398532
-3.34328,0.00039026
-3.34319,0.000391945
-3.34317,0.000382204
-3.34325,0.000380595
-3.34329,0.00037413
-3.34337,0.000372906
-3.34341,0.000366499
-3.3434,0.000358116
-3.34345,0.000353297
-3.3435,0.000349449
-3.34354,0.000343492
-3.34352,0.00033684
-3.34358,0.000335377
-3.34362,0.000331346
-3.34368,0.000329786
-3.34372,0.000325771
-3.34373,0.000319778
-3.34371,0.000314343
-3.34368,0.000310017
-3.34367,0.000304653
-3.34366,0.000299353
-3.34366,0.000294169
-3.34366,0.000289191
-3.34367,0.000284643
-3.34366,0.000280438
-3.34368,0.000276747
-3.34367,0.000272441
-3.34366,0.000268531
-3.34366,0.000264436
-3.34367,0.000260573
-3.34372,0.000260941
-3.34374,0.000257755
-3.34378,0.000258368
-3.34381,0.000255533
-3.34382,0.000252183
-3.34381,0.000248728
-3.34378,0.000247664
-3.3438,0.000245479
-3.34381,0.000242342
-3.34382,0.000239235
-3.34384,0.000237136
-3.34387,0.000236052
-3.3439,0.000235437
-3.34391,0.000232741
-3.34395,0.000231963
-3.34401,0.000238021
-3.34402,0.000235268
-3.34405,0.000234424
-3.34406,0.00023221
-3.34406,0.000229502
-3.34407,0.000227194
-3.34405,0.000225476
-3.34405,0.000223016
-3.34406,0.000220731
-3.34406,0.000218387
-3.34405,0.000216727
-3.34405,0.000214387
-3.34405,0.000212147
-3.34405,0.000209932
-3.34405,0.000207885
-3.34403,0.000206153
-3.34402,0.000204316
-3.34401,0.000202913
-3.34401,0.000200939
-3.34402,0.000199163
-3.34403,0.000197284
-3.34402,0.000195606
-3.34399,0.000195102
-3.34399,0.000193237
-3.34397,0.000192386
-3.34395,0.000191926
-3.34394,0.00019048
-3.34392,0.000190236
-3.34389,0.000189804
-3.34392,0.000189452
-3.34393,0.000188265
-3.34393,0.000186617
-3.34388,0.000190431
-3.34385,0.000191361
-3.34386,0.000189843
-3.34388,0.000189389
-3.3439,0.000188716
-3.34388,0.000187911
-3.34389,0.000186594
-3.34388,0.000185452
-3.34384,0.00018705
-3.34384,0.00018556
-3.34384,0.000184072
-3.34382,0.000183318
-3.34381,0.000182241
-3.3438,0.000180976
-3.34379,0.000180065
-3.34378,0.000179007
-3.34377,0.000177814
-3.34376,0.000176782
-3.34373,0.000177465
-3.34372,0.000176614
-3.34372,0.0001753
-3.34371,0.000174239
-3.34371,0.00017297
-3.34372,0.0001719
-3.34374,0.000171856
-3.34372,0.000171658
-3.34371,0.00017078
-3.34367,0.000173862
-3.34367,0.000172671
-3.34366,0.000171493
-3.34364,0.000172432
-3.34362,0.000171948
-3.3436,0.000172359
-3.34358,0.000172452
-3.34355,0.000173049
-3.34354,0.000172314
-3.34353,0.000171355
-3.34353,0.00017024
-3.34354,0.0001697
-3.34354,0.000168589
-3.34355,0.000167626
-3.34356,0.000166779
-3.34355,0.000165815
-3.34354,0.000164978
-3.34354,0.000164054
-3.34353,0.000163226
-3.34354,0.000162332
-3.34352,0.000161696
-3.34351,0.000160984
-3.34351,0.000160154
-3.34349,0.000160699
-3.34346,0.00016142
-3.34344,0.000161578
-3.34344,0.000160614
-3.34345,0.000159887
-3.34346,0.000159387
-3.34349,0.000159719
-3.34349,0.000158906
-3.34349,0.000157983
-3.3435,0.000157493
-3.34351,0.000156967
-3.34353,0.000157176
-3.34356,0.00015892
-3.34358,0.000158795
-3.34358,0.000157951
-3.34357,0.000157453
-3.34356,0.00015679
-3.34355,0.000156329
-3.34354,0.000156072
-3.34353,0.000155472
-3.34351,0.000155654
-3.3435,0.000155124
-3.3435,0.000154408
-3.34349,0.000153855
-3.3435,0.000153352
-3.34349,0.000152831
-3.34347,0.0001532
-3.34344,0.000154844
-3.34342,0.000155298
-3.34342,0.000154505
-3.3434,0.000154276
-3.34342,0.000154073
-3.34344,0.000154323
-3.34345,0.000153832
-3.34345,0.000153209
-3.34346,0.0001525
-3.34346,0.000151748
-3.34347,0.000151196
-3.34346,0.00015081
-3.34346,0.00015007
-3.34346,0.000149465
-3.34346,0.000148738
-3.34346,0.000148174
-3.34348,0.000148857
-3.34348,0.000148147
-3.3435,0.000148989
-3.34351,0.000148796
-3.34351,0.000148122
-3.3435,0.000148183
-3.34348,0.000148545
-3.34348,0.0001479
-3.34347,0.000147274
-3.34347,0.000146619
-3.34348,0.000146044
-3.34348,0.000145376
-3.34347,0.000144774
-3.34347,0.000144153
-3.34347,0.000143683
-3.34347,0.000143111
-3.34345,0.000143553
-3.34345,0.000142925
-3.34345,0.000142349
-3.34346,0.000141898
-3.34348,0.000142211
-3.34349,0.000142534
-3.3435,0.000142206
-3.34351,0.000141959
-3.34352,0.000141591
-3.34354,0.000141856
-3.34355,0.000141505
-3.34356,0.000141186
-3.34356,0.000140597
-3.34356,0.000140059
-3.34358,0.000140114
-3.34358,0.00013979
-3.34358,0.000139204
-3.34358,0.000138625
-3.34357,0.000138771
-3.34355,0.000138889
-3.34355,0.000138334
-3.34355,0.000137765
-3.34355,0.000137216
-3.34357,0.000137822
-3.34359,0.00013832
-3.34359,0.00013785
-3.34361,0.000138319
-3.34362,0.000138725
-3.34363,0.000138283
-3.34363,0.000137852
-3.34364,0.000137311
-3.34365,0.000137334
-3.34367,0.000138337
-3.34367,0.000137861
-3.34368,0.000137464
-3.34369,0.000137612
-3.3437,0.000137149
-3.34371,0.000137308
-3.34372,0.00013736
-3.34372,0.000137074
-3.34369,0.000138909
-3.34367,0.000139403
-3.34367,0.000138877
-3.34367,0.000138354
-3.34366,0.00013843
-3.34365,0.000138206
-3.34364,0.000137852
-3.34364,0.00013749
-3.34364,0.000137057
-3.34365,0.000136585
-3.34365,0.00013615
-3.34366,0.000135905
-3.34367,0.000135637
-3.34367,0.000135169
-3.34368,0.000134868
-3.34368,0.000134646
-3.34369,0.000134442
-3.3437,0.000134114
-3.3437,0.000133638
-3.34371,0.000133619
-3.34372,0.000133309
-3.34373,0.000133378
-3.34373,0.000133059
-3.34375,0.000133228
-3.34376,0.000133748
-3.34378,0.000134357
-3.34379,0.000134106
-3.34379,0.00013378
-3.34379,0.00013335
-3.34379,0.000133033
-3.34378,0.000132658
-3.34377,0.000132443
-3.34376,0.000132572
-3.34375,0.000132484
-3.34374,0.000132171
-3.34374,0.000131747
-3.34375,0.000131478
-3.34376,0.000131264
-3.34376,0.000130829
-3.34376,0.0001304
-3.34375,0.000130086
-3.34375,0.000129677
-3.34374,0.000129713
-3.34373,0.000129502
-3.34373,0.000129097
-3.34373,0.000128677
-3.34372,0.000128347
-3.34372,0.000128052
-3.34371,0.000127672
-3.34371,0.000127615
-3.3437,0.000127349
-3.34369,0.000127455
-3.34368,0.000127259
-3.34368,0.000126856
-3.34368,0.000126494
-3.34369,0.000126122
-3.34368,0.000125983
-3.34367,0.000125774
-3.34366,0.000125761
-3.34365,0.000125565
-3.34365,0.000125179
-3.34366,0.000124943
-3.34365,0.000124955
-3.34365,0.000124571
-3.34365,0.000124191
-3.34365,0.000123851
-3.34365,0.000123475
-3.34366,0.000123221
-3.34366,0.000122917
-3.34365,0.000122862
-3.34364,0.000123146
-3.34365,0.000123046
-3.34365,0.000122708
-3.34366,0.000122426
-3.34365,0.000122076
-3.34365,0.000121834
-3.34364,0.000121842
-3.34363,0.000121798
-3.34363,0.000121527
-3.34362,0.00012134
-3.34363,0.000121378
-3.34365,0.000122295
-3.34366,0.000122438
-3.34367,0.000122662
-3.34368,0.000122622
-3.34368,0.000122276
-3.34368,0.000122004
-3.34368,0.000121657
-3.34369,0.000121327
-3.34369,0.000121043
-3.3437,0.000120887
-3.34369,0.000120574
-3.34369,0.00012025
-3.34369,0.000119997
-3.34369,0.000119676
-3.34368,0.000119502
-3.34368,0.000119293
-3.34369,0.000119146
-3.3437,0.000119109
-3.34369,0.000119011
-3.3437,0.000118726
-3.3437,0.000118402
-3.3437,0.000118081
-3.3437,0.000117841
-3.34372,0.000118429
-3.34373,0.000118955
-3.34375,0.000120088
-3.34375,0.000119907
-3.34376,0.000119586
-3.34375,0.000119381
-3.34375,0.000119148
-3.34374,0.000119123
-3.34373,0.00011932
-3.34373,0.000119003
-3.34373,0.000118701
-3.34373,0.000118468
-3.34373,0.000118157
-3.34374,0.000117855
-3.34374,0.000117606
-3.34374,0.000117333
-3.34374,0.000117049
-3.34376,0.000117256
-3.34376,0.000117073
-3.34376,0.00011677
-3.34376,0.000116484
-3.34376,0.00011619
-3.34375,0.000116196
-3.34376,0.000115974
-3.34377,0.000116128
-3.34377,0.000115949
-3.34377,0.000115694
-3.34377,0.000115432
-3.34376,0.000115327
-3.34376,0.000115036
-3.34377,0.000114753
-3.34376,0.000114465
-3.34376,0.000114542
-3.34375,0.000114374
-3.34375,0.000114108
-3.34374,0.000114079
-3.34373,0.000114002
-3.34374,0.000113749
-3.34374,0.000113509
-3.34373,0.000113345
-3.34373,0.000113199
-3.34372,0.000113074
-3.34372,0.000112797
-3.34373,0.000112571
-3.34372,0.000112337
-3.34372,0.000112064
-3.34372,0.000111809
-3.34372,0.000111852
-3.34371,0.000111645
-3.34371,0.000111387
-3.34372,0.000111157
-3.34372,0.00011089
-3.34372,0.000110839
-3.34372,0.000110579
-3.34372,0.000110448
-3.34371,0.000110267
-3.34371,0.000110011
-3.34372,0.000109786
-3.34372,0.000109658
-3.34372,0.000109403
-3.34372,0.000109235
-3.34371,0.000109191
-3.34371,0.000108973
-3.34371,0.000108734
-3.3437,0.000108571
-3.3437,0.000108376
-3.3437,0.000108171
-3.34371,0.000107945
-3.34371,0.000107771
-3.34372,0.00010766
-3.34372,0.000107416
-3.34371,0.000107193
-3.34372,0.000106962
-3.34372,0.000107019
-3.34373,0.000107111
-3.34373,0.000106874
-3.34373,0.00010676
-3.34373,0.000106522
-3.34373,0.000106285
-3.34373,0.00010605
-3.34373,0.000105813
-3.34373,0.000105639
-3.34372,0.000105521
-3.34372,0.000105327
-3.34372,0.000105093
-3.34372,0.00010505
-3.34373,0.000104914
-3.34374,0.000105073
-3.34375,0.000105718
-3.34376,0.000105641
-3.34376,0.000105437
-3.34376,0.00010526
-3.34375,0.000105132
-3.34374,0.000105114
-3.34374,0.000104886
-3.34375,0.000104701
-3.34374,0.000104502
-3.34374,0.000104313
-3.34374,0.00010409
-3.34374,0.000103874
-3.34374,0.000103683
-3.34374,0.000103462
-3.34374,0.000103254
-3.34374,0.000103074
-3.34373,0.000103054
-3.34373,0.000102923
-3.34373,0.000102705
-3.34373,0.000102692
-3.34374,0.000102528
-3.34374,0.00010232
-3.34374,0.00010222
-3.34374,0.000102075
-3.34374,0.000101949
-3.34374,0.000101759
-3.34374,0.000101559
-3.34373,0.000101362
-3.34373,0.000101159
-3.34373,0.000101031
-3.34372,0.000100962
-3.34372,0.000100765
-3.34372,0.000100574
-3.34372,0.000100389
-3.34372,0.000100197
-3.34373,0.000100163
-3.34373,9.99768e-05
-3.34374,9.98282e-05
-3.34374,9.96527e-05
-3.34374,9.94639e-05
-3.34374,9.93831e-05
-3.34375,9.9251e-05
-3.34375,9.90649e-05
-3.34375,9.89355e-05
-3.34375,9.87374e-05
-3.34375,9.85631e-05
