0.483669   0.495715   -0.496767
-0.337588   -0.33637   0.483214
0.495941   -0.338171   -0.345993
-0.318871   0.494942   -0.331587
-0.180149   -0.490809   0.483837
0.00650297   -0.340086   0.483215
-0.170208   -0.335618   -0.347642
0.00456515   -0.493556   -0.354911
0.168706   -0.494769   0.492292
0.337649   -0.32573   0.492386
0.17263   -0.332587   -0.34802
0.334643   0.490228   -0.326008
-0.489585   -0.171937   -0.495821
-0.34195   -0.00698616   -0.478189
-0.494116   -0.00488711   -0.336381
-0.346367   -0.168116   -0.324843
-0.17232   -0.157883   0.485187
0.010236   0.00122159   -0.494866
-0.167514   0.00728106   -0.348187
0.00555164   -0.17217   -0.348576
0.15633   -0.174271   0.489179
0.358364   -0.0215948   -0.493358
0.178376   -0.0242044   -0.33323
0.33391   -0.184103   -0.323427
-0.496923   0.167991   -0.498578
-0.325738   0.349843   -0.493094
0.494999   0.333223   -0.329052
-0.332648   0.161554   -0.332615
-0.169384   0.170341   -0.493823
-0.0149342   0.339651   -0.489513
-0.181334   0.330233   -0.325697
-0.00912297   0.170135   -0.333676
0.170888   0.175015   -0.478207
0.318814   0.342671   0.497907
0.160728   0.335207   -0.331116
0.337912   0.138988   -0.338886
-0.498315   0.489851   -0.185325
-0.332424   -0.332586   -0.164409
0.498543   -0.340989   0.00960368
-0.311554   0.499564   -0.0161184
-0.14279   0.496217   -0.150208
0.00706494   -0.320071   -0.174558
-0.16651   -0.319565   -0.0101767
0.00574824   0.48604   0.0160377
0.148733   -0.493002   -0.175165
0.325309   -0.339784   -0.177081
0.166521   -0.329981   -0.00209153
0.313932   -0.493369   -0.0114496
-0.48981   -0.177415   -0.169522
-0.326028   -0.0160901   -0.1709
-0.495753   0.00104396   -0.011139
-0.335481   -0.157611   0.0173804
-0.164964   -0.161087   -0.198228
-0.00902796   0.00573049   -0.165179
-0.169996   -0.00188145   0.0240958
-0.00211814   -0.158416   -0.0116359
0.171325   -0.169997   -0.157373
0.348617   -0.00140236   -0.173195
0.15075   0.0108597   -0.0310787
0.336552   -0.178786   -0.0197898
-0.479211   0.181297   -0.171122
-0.324488   0.320787   -0.173361
-0.485102   0.349254   -0.0116767
-0.347725   0.174373   0.00250554
-0.167218   0.14974   -0.155322
-0.0313771   0.312169   -0.160019
-0.162548   0.312285   0.0112712
0.0144519   0.184976   0.0330686
0.180979   0.165766   -0.184029
0.340587   0.331466   -0.171617
0.181648   0.324057   -0.0139821
0.332929   0.166619   0.00600396
0.494421   -0.497523   0.155363
-0.340314   -0.333127   0.161308
0.491577   -0.337044   0.341259
-0.331563   -0.497434   0.333015
-0.161019   0.492837   0.161018
-0.015286   -0.331977   0.160728
-0.173686   -0.329795   0.33643
0.00051636   0.497743   0.340591
0.177951   -0.492669   0.154763
0.318116   -0.321595   0.176254
0.15535   -0.327005   0.322205
0.325727   -0.479334   0.32726
0.486587   -0.181759   0.174691
-0.34085   0.00923881   0.172694
-0.492134   0.00356502   0.32618
-0.340594   -0.169124   0.324738
-0.160039   -0.182093   0.175034
-0.00251222   -0.00512639   0.184308
-0.174156   0.00129443   0.350321
0.000669975   -0.15775   0.336228
0.154282   -0.154538   0.166636
0.341776   -0.00665337   0.16171
0.17672   0.0168118   0.344789
0.305413   -0.144759   0.327635
0.482168   0.152811   0.164228
-0.338484   0.320645   0.1596
0.48261   0.34488   0.333601
-0.342974   0.161469   0.344711
-0.18001   0.173824   0.18624
0.0208051   0.335338   0.177918
-0.168307   0.324834   0.341432
5.05232e-05   0.152991   0.325169
0.192325   0.140423   0.169642
0.344525   0.331283   0.166003
0.16572   0.322432   0.352385
0.3515   0.179688   0.343174
