0.200618   -0.255715   -0.221045
0.305326   0.378004   0.480509
-0.182475   0.164419   -0.438513
-0.375564   -0.140418   -0.0668642
0.248802   0.319504   -0.0184025
0.15096   -0.0607052   0.217391
0.003682   -0.476877   0.483894
0.221134   -0.497394   0.40175
-0.319667   0.205585   0.210481
0.303077   -0.094214   -0.274624
-0.242942   0.438983   0.119397
-0.497064   0.213093   -0.418709
0.25963   0.0463229   0.372411
0.383856   -0.423918   0.131465
-0.0591811   0.0546915   0.176732
0.064205   -0.356482   -0.168826
0.0746397   0.19072   -0.0203809
-0.34434   0.399219   0.489442
0.264086   -0.450222   0.190682
0.225136   -0.0135587   -0.432253
0.461635   -0.0432666   0.384026
0.113578   -0.421523   -0.0297462
-0.2054   0.136572   0.395286
0.491796   0.111803   -0.297594
-0.281306   -0.241496   -0.092202
-0.0592714   -0.173391   0.268184
-0.285996   -0.261561   0.495912
0.193785   0.181143   0.192119
-0.261439   -0.260235   0.349156
-0.262266   0.377285   -0.425128
-0.258601   -0.298378   -0.443984
-0.0749377   -0.0139708   0.275613
0.155852   -0.448985   0.208742
0.0597294   0.259764   0.26237
0.125697   -0.300839   -0.194215
0.316396   0.252018   0.21161
0.357951   0.336533   -0.0789876
-0.173694   -0.175227   0.0781512
-0.150309   0.0507271   0.413851
0.0488234   -0.198384   0.0937134
-0.487102   -0.262053   0.372211
-0.0717655   -0.347276   -0.099207
0.00343134   0.288911   -0.0791388
-0.147726   0.00673498   -0.0741301
-0.0438251   -0.352027   0.0155679
-0.247119   0.258749   -0.0956929
0.241589   -0.38902   0.413888
-0.219093   0.15807   0.312586
0.43282   -0.409945   -0.42975
0.139313   0.295667   0.329038
-0.336065   0.0377224   0.150453
-0.0161473   0.242509   0.270323
-0.0549071   -0.353751   0.0945603
0.334347   0.398224   0.13163
-0.41585   0.00955931   0.205298
-0.0727583   0.206956   -0.280883
0.22245   0.239647   -0.0363694
0.381214   -0.152872   0.449497
-0.300466   0.407339   -0.0724284
-0.392366   0.314028   0.187209
0.431426   0.106431   -0.428441
-0.0104496   -0.0259376   0.220477
0.257063   -0.313484   -0.498029
0.187141   0.170689   0.365731
-0.477448   -0.193413   -0.477066
0.307441   -0.0886176   0.435346
-0.210523   0.0774431   -0.395526
0.0806983   -0.381855   0.0552411
0.429051   0.231234   -0.107186
0.356028   -0.0331815   -0.129974
0.439495   -0.400963   0.206495
0.244851   0.191753   0.466048
-0.227823   0.076621   -0.265801
0.173506   -0.497346   0.298782
-0.0174507   0.297682   0.208565
-0.477029   0.116003   0.362626
-0.217796   0.0473031   0.366777
-0.000753626   0.248374   0.0252754
-0.170772   -0.27661   -0.201434
0.0318416   0.157413   0.267553
-0.00520652   -0.0360915   0.33934
-0.484904   0.194156   -0.335732
0.0441376   -0.0261648   0.135837
0.467699   0.160877   0.293154
-0.122352   -0.26066   0.230639
0.171577   0.177766   -0.1205
0.295834   -0.194775   -0.447626
-0.377423   -0.466244   -0.382384
0.283241   -0.223807   0.0500036
0.219271   -0.230076   -0.385407
0.424864   -0.341368   -0.0451354
0.104583   -0.334769   -0.490364
-0.326262   0.149426   0.285054
0.375471   0.149203   -0.160216
-0.201105   0.224468   -0.36492
0.465726   0.469795   -0.115399
0.189057   -0.128436   0.182711
-0.293422   -0.42613   -0.365406
0.251814   -0.0910387   0.244295
-0.371013   0.107034   0.0514567
-0.417574   -0.360029   -0.416703
0.353474   0.296011   0.46267
0.120319   -0.168577   -0.214587
0.274529   0.30695   -0.147856
0.0770272   -0.0337103   0.0551988
-0.33632   -0.233532   0.109294
-0.495348   -0.473475   0.443589
-0.425793   -0.0155092   -0.3404
