           1    -7.55442    -7.55442           0
           2    -7.55569    -7.55506  0.00063126
           3    -7.54075    -7.55029  0.00478226
           4    -7.56223    -7.55327  0.00451025
           5    -7.55001    -7.55262  0.00355388
           6     -7.5386    -7.55028  0.00372572
           7    -7.54959    -7.55018  0.00315037
           8    -7.55411    -7.55067  0.00277201
           9    -7.55679    -7.55135  0.00253749
          10    -7.55694    -7.55191  0.00233728
          11    -7.55609    -7.55229  0.00214804
          12    -7.55561    -7.55257   0.0019803
          13    -7.53931    -7.55155  0.00208782
          14    -7.54132    -7.55082  0.00206647
          15    -7.55118    -7.55084  0.00192393
          16    -7.55713    -7.55124  0.00184213
          17    -7.54892     -7.5511  0.00173573
          18    -7.54795    -7.55092  0.00164581
          19    -7.52302    -7.54946  0.00214005
          20    -7.54477    -7.54922  0.00204373
          21    -7.55262    -7.54938  0.00195069
          22     -7.5484    -7.54934  0.00186045
          23    -7.55725    -7.54968  0.00181066
          24    -7.55396    -7.54986  0.00174272
          25    -7.54631    -7.54972  0.00167757
          26    -7.54056    -7.54937  0.00164981
          27    -7.54078    -7.54905   0.0016191
          28    -7.54419    -7.54888  0.00156983
          29    -7.56433    -7.54941  0.00160575
          30    -7.56031    -7.54977  0.00159333
          31    -7.54651    -7.54967  0.00154466
          32    -7.54512    -7.54952  0.00150233
          33    -7.55592    -7.54972  0.00146894
          34    -7.55657    -7.54992  0.00143925
          35     -7.5421     -7.5497  0.00141527
          36    -7.55059    -7.54972  0.00137562
          37    -7.55647     -7.5499   0.0013503
          38    -7.53145    -7.54942  0.00140112
          39    -7.54368    -7.54927  0.00137262
          40     -7.5363    -7.54895  0.00137658
          41    -7.55302    -7.54905  0.00134627
          42    -7.54361    -7.54892  0.00132018
          43    -7.53576    -7.54861  0.00132495
          44    -7.54926    -7.54863  0.00129457
          45    -7.54263    -7.54849  0.00127246
          46    -7.54669    -7.54845  0.00124511
          47     -7.5523    -7.54854  0.00122108
          48    -7.54586    -7.54848  0.00119667
          49    -7.56016    -7.54872    0.001196
          50    -7.54474    -7.54864  0.00117454
          51     -7.5475    -7.54862   0.0011515
          52    -7.54402    -7.54853  0.00113259
          53    -7.54062    -7.54838  0.00112097
          54    -7.54929     -7.5484  0.00110015
          55    -7.54816    -7.54839  0.00107997
          56    -7.54279    -7.54829  0.00106521
          57    -7.53432    -7.54805  0.00107467
          58    -7.53857    -7.54788  0.00106854
          59    -7.53764    -7.54771  0.00106453
          60    -7.54996    -7.54775   0.0010473
          61     -7.5624    -7.54799  0.00105765
          62    -7.55807    -7.54815  0.00105308
          63    -7.53005    -7.54786   0.0010753
          64    -7.54842    -7.54787   0.0010584
          65    -7.53789    -7.54772  0.00105324
          66     -7.5513    -7.54777  0.00103858
          67    -7.54383    -7.54771  0.00102465
          68    -7.55078    -7.54776  0.00101047
          69    -7.54788    -7.54776 0.000995721
          70    -7.56282    -7.54797  0.00100469
          71    -7.55058    -7.54801 0.000991114
          72    -7.52738    -7.54772  0.00101839
          73    -7.55245    -7.54779  0.00100642
          74    -7.55562     -7.5479 0.000998347
          75    -7.55629    -7.54801 0.000991282
          76    -7.56073    -7.54817 0.000992367
          77    -7.55425    -7.54825  0.00098257
          78    -7.53957    -7.54814  0.00097626
          79    -7.54842    -7.54815  0.00096383
          80    -7.55089    -7.54818 0.000952324
          81    -7.55049    -7.54821 0.000940927
          82    -7.54591    -7.54818 0.000929803
          83    -7.52838    -7.54794 0.000949017
          84    -7.54538    -7.54791 0.000938147
          85    -7.53975    -7.54782 0.000931999
          86    -7.54038    -7.54773 0.000925146
          87    -7.54821    -7.54773 0.000914467
          88    -7.54626    -7.54772 0.000904171
          89    -7.54028    -7.54763 0.000897851
          90    -7.55089    -7.54767 0.000888555
          91    -7.54962    -7.54769 0.000878998
          92    -7.55087    -7.54773 0.000870077
          93    -7.53658    -7.54761 0.000868982
          94    -7.52477    -7.54736 0.000893347
          95    -7.54918    -7.54738   0.0008841
          96     -7.5469    -7.54738 0.000874857
          97    -7.54117    -7.54731 0.000868155
          98    -7.54209    -7.54726 0.000860902
          99    -7.55518    -7.54734 0.000855906
         100    -7.55079    -7.54737 0.000848007
