           1      7.5486      7.5486           0
           2     7.54266     7.54563  0.00296658
           3     7.62284     7.57137   0.0257946
           4     7.50958     7.55592   0.0239009
           5     7.57242     7.55922   0.0188054
           6     7.63797     7.57235   0.0201998
           7     7.57786     7.57313   0.0170902
           8     7.55347     7.57068   0.0150032
           9      7.5365     7.56688   0.0137657
          10     7.53401     7.56359   0.0127437
          11     7.54011     7.56146   0.0117232
          12     7.54169     7.55981   0.0108278
          13     7.63254      7.5654   0.0114238
          14     7.62578     7.56972   0.0114218
          15      7.5675     7.56957   0.0106341
          16     7.53429     7.56736   0.0101887
          17     7.58223     7.56824  0.00961049
          18     7.58017      7.5689  0.00908509
          19     7.72624     7.57718   0.0119341
          20      7.6061     7.57863   0.0114136
          21     7.56267     7.57787   0.0108831
          22     7.58448     7.57817    0.010381
          23     7.53237     7.57618   0.0101172
          24     7.55498     7.57529  0.00972669
          25     7.59205     7.57596  0.00935357
          26     7.62387     7.57781  0.00917358
          27     7.62415     7.57952  0.00899262
          28     7.60783     7.58053   0.0087243
          29     7.49464     7.57757  0.00892391
          30     7.51874     7.57561  0.00884153
          31     7.59199     7.57614  0.00856788
          32     7.60059      7.5769  0.00833092
          33     7.54327     7.57588  0.00813859
          34     7.53642     7.57472  0.00798047
          35     7.61745     7.57594  0.00784465
          36     7.57414     7.57589   0.0076238
          37     7.53681     7.57484  0.00748974
          38     7.67566     7.57749  0.00775777
          39     7.60789     7.57827  0.00759633
          40     7.64565     7.57996   0.0075932
          41     7.56076     7.57949  0.00742048
          42     7.60694     7.58014  0.00727109
          43     7.65039     7.58177  0.00728551
          44     7.58088     7.58175  0.00711803
          45     7.61645     7.58253  0.00700064
          46     7.59304     7.58275  0.00685058
          47     7.56672     7.58241  0.00671192
          48     7.59443     7.58266  0.00657536
          49     7.52056      7.5814  0.00656332
          50     7.60117     7.58179  0.00644287
          51     7.58873     7.58193  0.00631674
          52     7.60758     7.58242  0.00621369
          53     7.62554     7.58323  0.00614938
          54     7.57784     7.58313  0.00603525
          55     7.58671      7.5832  0.00592486
          56     7.61032     7.58368  0.00583822
          57     7.66406     7.58509   0.0059057
          58     7.63131     7.58589  0.00585745
          59     7.64346     7.58687  0.00583942
          60     7.57501     7.58667  0.00574467
          61     7.50549     7.58534  0.00580433
          62     7.52723      7.5844  0.00578634
          63      7.6835     7.58597  0.00590703
          64      7.5846     7.58595  0.00581404
          65     7.63792     7.58675  0.00577945
          66     7.56435     7.58641  0.00570133
          67     7.60921     7.58675  0.00562589
          68     7.56828     7.58648  0.00554919
          69     7.58787      7.5865  0.00546821
          70     7.50429     7.58533  0.00551601
          71     7.57443     7.58517  0.00543992
          72     7.69688     7.58672  0.00558373
          73     7.55965     7.58635  0.00551919
          74     7.54013     7.58573  0.00547982
          75     7.53912     7.58511  0.00544186
          76     7.51686     7.58421  0.00544436
          77     7.54885     7.58375  0.00539277
          78     7.62789     7.58432  0.00535318
          79     7.58605     7.58434  0.00528503
          80     7.57131     7.58418   0.0052211
          81     7.57481     7.58406  0.00515753
          82     7.59927     7.58425  0.00509762
          83     7.69251     7.58555  0.00520202
          84     7.60145     7.58574   0.0051432
          85     7.63408     7.58631  0.00511405
          86     7.63178     7.58684  0.00508182
          87      7.5873     7.58684  0.00502307
          88     7.59329     7.58692   0.0049662
          89     7.62817     7.58738  0.00493192
          90       7.569     7.58717  0.00488108
          91     7.57891     7.58708    0.004828
          92     7.57395     7.58694  0.00477737
          93     7.65133     7.58763  0.00477617
          94      7.7145     7.58898  0.00491405
          95     7.57984     7.58889    0.004863
          96     7.59176     7.58892  0.00481217
          97     7.62292     7.58927  0.00477518
          98     7.61524     7.58953  0.00473363
          99     7.54232     7.58906  0.00470977
         100     7.57436     7.58891  0.00466475
