           0           0           0
   0.0230664           0           0
   0.0461329           0           0
   0.0691993           0           0
   0.0922657           0           0
    0.115332           0           0
    0.138399           0           0
    0.161465           0           0
    0.184531           0           0
    0.207598           0           0
    0.230664           0           0
    0.253731           0           0
    0.276797           0           0
    0.299864           0           0
     0.32293           0           0
    0.345996           0           0
    0.369063           0           0
    0.392129           0           0
    0.415196           0           0
    0.438262           0           0
    0.461329           0           0
    0.484395           0           0
    0.507461           0           0
    0.530528           0           0
    0.553594           0           0
    0.576661           0           0
    0.599727           0           0
    0.622794           0           0
     0.64586           0           0
    0.668926           0           0
    0.691993           0           0
    0.715059           0           0
    0.738126           0           0
    0.761192           0           0
    0.784259           0           0
    0.807325           0           0
    0.830391 7.92002e-05  2.6836e-05
    0.853458  0.00390947 0.000245258
    0.876524   0.0508659 0.000860726
    0.899591    0.323576  0.00167789
    0.922657     1.10752   0.0044173
    0.945724     2.45705  0.00444313
     0.96879      3.9721  0.00311674
    0.991856     5.05821   0.0035471
     1.01492     5.35139  0.00778779
     1.03799     4.89541  0.00626249
     1.06106     3.98185  0.00440943
     1.08412     2.92824  0.00471144
     1.10719     1.97037  0.00316647
     1.13026     1.22014  0.00234578
     1.15332    0.707423  0.00260925
     1.17639    0.380805  0.00247448
     1.19945    0.193395  0.00179936
     1.22252   0.0947861  0.00156734
     1.24559   0.0519204  0.00108868
     1.26865   0.0443951 0.000796874
     1.29172   0.0650399  0.00126028
     1.31479    0.113498  0.00104836
     1.33785    0.196843  0.00137878
     1.36092    0.320629   0.0014201
     1.38399    0.483186 0.000938116
     1.40705    0.669252 0.000747377
     1.43012    0.847364  0.00167563
     1.45319    0.981983  0.00194529
     1.47625     1.03461  0.00177883
     1.49932    0.987062   0.0030548
     1.52238    0.858578  0.00203275
     1.54545    0.679813  0.00134823
     1.56852     0.49304 0.000738458
     1.59158    0.334658  0.00126033
     1.61465     0.23107  0.00151114
     1.63772    0.202832  0.00184447
     1.66078    0.268086  0.00210947
     1.68385     0.45729  0.00236462
     1.70692    0.788666  0.00246158
     1.72998     1.25999  0.00206062
     1.75305     1.81728   0.0021204
     1.77612     2.35622  0.00264189
     1.79918      2.7305  0.00321542
     1.82225     2.85407  0.00415604
     1.84531      2.6895  0.00470834
     1.86838     2.29206  0.00288414
     1.89145      1.7746  0.00156531
     1.91451     1.25824  0.00150349
     1.93758    0.838079  0.00219789
     1.96065     0.56515  0.00229176
     1.98371      0.4532  0.00310328
     2.00678    0.479889  0.00234131
     2.02985    0.612918      0.0018
     2.05291    0.792321  0.00113337
     2.07598    0.959561  0.00113653
     2.09905      1.0608  0.00120999
     2.12211     1.06838  0.00307966
     2.14518     0.96132  0.00186519
     2.16824    0.815162 0.000987789
     2.19131    0.680262  0.00123771
     2.21438    0.594715  0.00211315
     2.23744    0.595151  0.00280229
     2.26051    0.698825  0.00225932
     2.28358    0.897031  0.00139419
