0 3.16122 0
10000 3.17128 0.0100569
20000 3.14618 0.0257641
30000 3.15899 0.0222743
40000 3.16925 0.0200716
50000 3.16255 0.0177035
60000 3.16059 0.015091
70000 3.16004 0.0130805
80000 3.1625 0.0117953
90000 3.16455 0.0107478
100000 3.1614 0.0102197
110000 3.16313 0.00948856
120000 3.16466 0.00886129
130000 3.16448 0.00820608
140000 3.16082 0.00846989
150000 3.15553 0.00952818
160000 3.15719 0.0091041
170000 3.15664 0.00860163
180000 3.15811 0.00826944
190000 3.15765 0.00785895
200000 3.15966 0.00774264
210000 3.1579 0.00758929
220000 3.15411 0.00818467
230000 3.15461 0.00785248
240000 3.1575 0.00806454
250000 3.15479 0.00820616
260000 3.15905 0.00897119
270000 3.15907 0.00864487
280000 3.15806 0.00840191
290000 3.15682 0.00821081
300000 3.15694 0.00794236
310000 3.15713 0.00769241
320000 3.15436 0.00795148
330000 3.15343 0.00777056
340000 3.15325 0.00754743
350000 3.15443 0.00742915
360000 3.15354 0.00727935
370000 3.15279 0.0071249
380000 3.15422 0.00708558
390000 3.15467 0.00692059
400000 3.1553 0.00677901
410000 3.15586 0.00663927
420000 3.15639 0.00650496
430000 3.15491 0.00652588
440000 3.15595 0.00646342
450000 3.15554 0.0063344
460000 3.15469 0.00625713
470000 3.15267 0.00644741
480000 3.15176 0.00637993
490000 3.15151 0.00625632
500000 3.15064 0.00619366
510000 3.15197 0.0062171
520000 3.1515 0.00611619
530000 3.15076 0.00604803
540000 3.15113 0.00594873
550000 3.15109 0.00584168
560000 3.15113 0.00573847
570000 3.14992 0.00576733
580000 3.14925 0.00570814
590000 3.14776 0.00580743
600000 3.14778 0.00571146
610000 3.14748 0.00562668
620000 3.14716 0.00554577
630000 3.14672 0.00547574
640000 3.14529 0.00557861
650000 3.14548 0.00549676
660000 3.14523 0.00541963
670000 3.14579 0.00536818
680000 3.14622 0.00530723
690000 3.14688 0.0052722
700000 3.14594 0.00528187
710000 3.14562 0.00521741
720000 3.14516 0.00516598
730000 3.14572 0.00512608
740000 3.14528 0.00507623
750000 3.14526 0.00500903
760000 3.1458 0.00497234
770000 3.14552 0.00491599
780000 3.14532 0.0048574
790000 3.14498 0.00480871
800000 3.1452 0.00475412
810000 3.14435 0.00477243
820000 3.14422 0.00471623
830000 3.14395 0.00466743
840000 3.14344 0.00464112
850000 3.14283 0.00462689
860000 3.14399 0.00471927
870000 3.14374 0.00467218
880000 3.14373 0.00461939
890000 3.14303 0.0046222
900000 3.14397 0.00466836
910000 3.14369 0.00462617
920000 3.14268 0.00468675
930000 3.14341 0.0046949
940000 3.14378 0.00465943
950000 3.14454 0.00467358
960000 3.14348 0.00474482
970000 3.14359 0.00469732
980000 3.14342 0.00465278
990000 3.14362 0.00461049
