0 0 0
0.064633 0 0
0.129266 0 0
0.193899 0 0
0.258532 0 0
0.323165 0 0
0.387798 0 0
0.452431 0 0
0.517064 0 0
0.581697 0 0
0.64633 0 0
0.710963 0 0
0.775596 0 0
0.84023 0 0
0.904863 0.14023 6.43713e-06
0.969496 1.00097 4.48961e-05
1.03413 1.84683 7.39423e-05
1.09876 2.05175 8.06775e-05
1.16339 1.7638 6.1072e-05
1.22803 1.63961 4.63785e-05
1.29266 1.60758 2.99935e-05
1.35729 1.45201 2.65528e-05
1.42193 1.38464 2.82041e-05
1.48656 1.29913 2.53197e-05
1.55119 1.1484 1.86522e-05
1.61583 1.10208 2.11197e-05
1.68046 1.02603 1.53852e-05
1.74509 1.02527 1.50196e-05
1.80973 1.03917 9.88613e-06
1.87436 1.00851 1.23022e-05
1.93899 0.998665 1.15668e-05
2.00362 0.974837 1.22941e-05
2.06826 1.00098 1.09512e-05
2.13289 0.939983 7.84022e-06
2.19752 0.963492 6.27102e-06
2.26216 1.01889 7.67966e-06
2.32679 0.9608 7.69985e-06
2.39142 0.99835 6.65157e-06
2.45606 1.02424 6.01118e-06
2.52069 1.00978 6.54027e-06
2.58532 0.984374 7.0803e-06
2.64995 0.976842 5.51865e-06
2.71459 0.993811 6.16098e-06
2.77922 1.00447 5.71534e-06
2.84385 0.992194 4.19704e-06
2.90849 0.991338 4.7898e-06
2.97312 0.997436 4.57782e-06
3.03775 0.996221 4.26752e-06
3.10239 0.973514 4.95105e-06
3.16702 1.00518 3.93753e-06
3.23165 0.962835 4.46856e-06
3.29629 0.955485 4.23853e-06
3.36092 0.932609 3.93328e-06
3.42555 0.955944 3.50673e-06
3.49018 0.925593 3.78467e-06
3.55482 0.940848 3.20655e-06
3.61945 0.963392 3.75021e-06
3.68408 0.925011 2.86803e-06
3.74872 0.9457 3.04676e-06
3.81335 0.986119 2.92392e-06
3.87798 1.00165 3.24191e-06
3.94262 0.996758 2.85742e-06
4.00725 1.03075 2.93465e-06
4.07188 1.00285 2.67049e-06
4.13651 0.977563 2.5189e-06
4.20115 1.017 1.98939e-06
4.26578 1.00055 2.31362e-06
4.33041 0.997299 2.56161e-06
4.39505 1.0011 2.50213e-06
4.45968 0.987945 2.04966e-06
4.52431 0.988519 2.63044e-06
4.58895 0.980655 2.2569e-06
4.65358 1.00715 1.86114e-06
4.71821 1.01764 2.16932e-06
4.78285 1.03249 2.46434e-06
4.84748 1.00534 1.76868e-06
4.91211 1.00813 1.90676e-06
4.97674 1.00543 1.8321e-06
5.04138 0.994602 1.60529e-06
5.10601 0.988175 1.83221e-06
5.17064 0.961806 1.5679e-06
5.23528 0.962752 1.85267e-06
5.29991 0.975643 1.78992e-06
5.36454 0.975967 1.50494e-06
5.42918 0.992366 1.39725e-06
5.49381 0.995864 9.68781e-07
5.55844 0.984508 1.39337e-06
5.62307 0.986249 1.21956e-06
5.68771 0.988668 1.09994e-06
5.75234 0.980243 1.24162e-06
5.81697 0.963089 1.38269e-06
5.88161 0.969972 1.27658e-06
5.94624 0.964351 1.22674e-06
6.01087 0.972252 1.11058e-06
6.07551 0.95304 1.14009e-06
6.14014 0.966285 1.09326e-06
6.20477 0.969654 1.05408e-06
6.2694 0.969282 1.47934e-06
6.33404 0.961841 1.1311e-06
6.39867 0.964369 1.13576e-06