  1      0.00368      0.00368           0
  2     0.002068     0.002874 0.000569928
  3    -0.003932  0.000605333  0.00189092
  4     0.003208     0.001256  0.00152604
  5     0.006528    0.0023104  0.00154267
  6       -6e-05   0.00191533  0.00133519
  7    -0.012596 -0.000157714  0.00223458
  8    -0.005692   -0.0008495  0.00205956
  9     0.001876 -0.000546667  0.00185285
 10     0.005532     6.12e-05  0.00176446
 11     0.002632  0.000294909  0.00161946
 12    -0.006452 -0.000267333  0.00157909
 13    -0.005588 -0.000676615  0.00150973
 14       -8e-05    -0.000634  0.00140249
 15      0.00474 -0.000275733  0.00135398
 16     0.013996   0.00061625  0.00153531
 17     0.003836  0.000805647  0.00145663
 18    -0.004308  0.000521556  0.00140314
 19    -0.006936  0.000129053   0.0013831
 20     0.000336    0.0001394  0.00131398
