  1     0.203538     0.203538           0
  2     0.198854     0.201196  0.00165591
  3     0.205364     0.202585  0.00158293
  4     0.195988     0.200936  0.00185731
  5     0.198552     0.200459  0.00154584
  6     0.199702     0.200333  0.00129334
  7     0.192691     0.199241   0.0015002
  8     0.196134     0.198853  0.00136204
  9     0.196808     0.198626   0.0012295
 10     0.195971      0.19836  0.00113485
 11     0.197969     0.198324  0.00103224
 12     0.192467     0.197836  0.00105533
 13     0.197294     0.197795 0.000974976
 14     0.196342     0.197691 0.000910836
 15     0.199569     0.197816  0.00085868
 16     0.202272     0.198095 0.000848964
 17     0.195247     0.197927 0.000815383
 18     0.199477     0.198013 0.000774616
 19     0.196126     0.197914 0.000740188
 20     0.195768     0.197807 0.000710915
