  1      1.36472      1.36472           0
  2      1.37357      1.36914  0.00312953
  3      1.38421      1.37417  0.00460076
  4      1.30175      1.35606   0.0160534
  5       1.3447      1.35379   0.0130025
  6      1.34116      1.35168   0.0110046
  7      1.34153      1.35023  0.00952758
  8      1.37903      1.35383  0.00899107
  9      1.34059      1.35236  0.00811163
 10      1.36901      1.35403  0.00746945
 11      1.32666      1.35154  0.00719287
 12      1.29863      1.34713  0.00782917
 13      1.33308      1.34605  0.00730115
 14      1.37403      1.34805  0.00704792
 15      1.44231      1.35433  0.00895129
 16      1.33083      1.35286  0.00851145
 17      1.37045       1.3539  0.00807341
 18      1.34868      1.35361   0.0076301
 19      1.33601      1.35268  0.00728449
 20      1.30607      1.35035  0.00728357
