           0           0           0
   0.0256496           0           0
   0.0512993           0           0
   0.0769489           0           0
    0.102599           0           0
    0.128248           0           0
    0.153898           0           0
    0.179547           0           0
    0.205197           0           0
    0.230847           0           0
    0.256496           0           0
    0.282146           0           0
    0.307796           0           0
    0.333445           0           0
    0.359095           0           0
    0.384745           0           0
    0.410394           0           0
    0.436044           0           0
    0.461694           0           0
    0.487343           0           0
    0.512993           0           0
    0.538642           0           0
    0.564292           0           0
    0.589942           0           0
    0.615591           0           0
    0.641241           0           0
    0.666891           0           0
     0.69254           0           0
     0.71819           0           0
     0.74384           0           0
    0.769489 0.000739204 0.000407228
    0.795139   0.0372361  0.00435986
    0.820788    0.239239   0.0104385
    0.846438    0.728916   0.0183793
    0.872088     1.52741   0.0302067
    0.897737     2.37276   0.0210612
    0.923387     2.94788   0.0242915
    0.949037     3.14774    0.028435
    0.974686      3.1873   0.0457262
     1.00034     2.83073   0.0232219
     1.02599     2.60578   0.0258658
     1.05164     2.36489   0.0462793
     1.07728     2.10381   0.0372953
     1.10293     1.85774   0.0243005
     1.12858     1.64522   0.0277208
     1.15423     1.47454   0.0136336
     1.17988     1.32491    0.021725
     1.20553     1.15727   0.0241208
     1.23118     1.05599   0.0199148
     1.25683    0.986822   0.0257462
     1.28248     0.89751   0.0141778
     1.30813    0.847409   0.0212153
     1.33378    0.801198   0.0146954
     1.35943    0.816978  0.00999858
     1.38508    0.810404   0.0107513
     1.41073    0.798711   0.0159899
     1.43638    0.776301   0.0116611
     1.46203     0.77659  0.00855434
     1.48768    0.780793   0.0175089
     1.51333     0.81206   0.0174032
     1.53898    0.806739   0.0129105
     1.56463     0.83856   0.0148253
     1.59028    0.864706   0.0205423
     1.61593    0.910212   0.0124603
     1.64158    0.928775   0.0110995
     1.66723    0.984405   0.0171468
     1.69288     1.03214   0.0149643
     1.71853     1.08933   0.0177944
     1.74418     1.11214   0.0176111
     1.76983     1.14514  0.00854241
     1.79547     1.20023   0.0129928
     1.82112     1.20919   0.0115343
     1.84677      1.2535   0.0127368
     1.87242     1.29473     0.01836
     1.89807     1.32698   0.0108894
     1.92372     1.34988    0.018364
     1.94937       1.337   0.0134467
     1.97502     1.34106   0.0138904
     2.00067     1.34181    0.015969
     2.02632     1.30304   0.0128346
     2.05197     1.28189   0.0158222
     2.07762     1.24478   0.0108725
     2.10327     1.21486   0.0159082
     2.12892     1.18761   0.0101701
     2.15457      1.1325   0.0131836
     2.18022     1.11515   0.0138321
     2.20587     1.09664   0.0091652
     2.23152     1.05074  0.00747917
     2.25717     1.03349   0.0125171
     2.28282     1.01593  0.00690624
     2.30847     1.00212  0.00689269
     2.33412    0.991086  0.00500763
     2.35977    0.983595  0.00811857
     2.38542    0.980792  0.00928624
     2.41107    0.982395  0.00623217
     2.43672    0.979021  0.00866617
     2.46237    0.971346   0.0103649
     2.48802    0.944404    0.009459
     2.51366    0.932081  0.00460986
     2.53931    0.908225  0.00844352
