0.806119
0.814917
0.826068
0.838929
0.852233
0.864108
0.872177
0.873973
0.867792
0.853885
0.835418
0.817638
0.804862
0.798034
0.79553
0.795803
0.798657
0.804647
0.814326
0.827787
0.844213
0.861765
0.877564
0.888434
0.891614
0.885388
0.869457
0.844967
0.814453
0.781773
0.751447
0.72762
0.712712
0.706614
0.707117
0.71109
0.715931
0.720607
0.725683
0.732767
0.743459
0.758704
0.778814
0.8035
0.831655
0.861113
0.889038
0.912636
0.929696
0.938561
0.938184
0.927944
0.907839
0.878858
0.842988
0.803431
0.764257
0.729861
0.704234
0.69031
0.689338
0.700647
0.721689
0.748706
0.777691
0.805309
0.829447
0.849179
0.864374
0.875177
0.881641
0.883553
0.880442
0.871731
0.856929
0.835935
0.809679
0.780679
0.753246
0.732568
0.722735
0.724815
0.736693
0.754664
0.775035
0.794754
0.811718
0.824692
0.833296
0.837905
0.839479
0.83912
0.838002
0.836847
0.836029
0.835479
0.834893
0.833889
0.832088
0.829198
0.824914
0.818761
0.810108
0.798381
0.783312
0.765431
0.746322
0.728646
0.715653
0.7103
0.714188
0.726768
0.74546
0.76657
0.78645
0.802501
0.813538
0.819646
0.821751
0.820937
0.817987
0.81345
0.807899
0.802264
0.797926
0.796337
0.798586
0.80504
0.815274
0.828152
0.842193
0.855653
0.866709
0.873745
0.875729
0.872503
0.864718
0.853363
0.839478
0.823991
0.807793
0.791853
0.777059
0.764066
0.753031
0.743818
0.736483
0.731664
0.730603
0.734703
0.744692
0.760131
0.779615
0.801374
0.82368
0.845045
0.864106
0.879617
0.890413
0.895465
0.893891
0.885078
0.868914
0.846263
0.819252
0.791213
0.766198
0.748005
0.739009
0.739431
0.747655
0.761084
0.776975
0.793083
0.807893
0.820404
0.829983
0.836346
0.839529
0.839865
0.837772
0.833562
0.827371
0.81928
0.809335
0.797787
0.785154
0.772278
0.760365
0.750965
0.745748
0.745998
0.752003
0.762823
0.776527
0.790816
0.80349
0.812939
0.818275
0.819341
0.816462
0.8102
0.801166
0.79007
0.778092
0.766993
0.758823
0.755081
0.755706
0.759113
0.7632
0.766382
0.768205
0.769138
0.770251
0.772731
0.777503
0.784856
0.794414
0.805236
0.816159
0.826376
0.83571
0.844443
0.852778
0.860232
0.865466
0.866775
0.862834
0.853294
0.838972
0.821913
0.80512
0.792017
0.785526
0.786997
0.795714
0.809219
0.824449
0.83875
0.850342
0.858269
0.862024
0.861335
0.856354
0.847689
0.836551
0.824553
0.813443
0.804734
0.799308
0.797268
0.798192
0.801603
0.80702
0.813921
0.821503
0.82864
0.834038
0.836606
0.835708
0.831125
0.823033
0.811786
0.797923
0.782423
0.766703
0.752506
0.741485
0.734715
0.732619
0.735204
0.742043
0.752341
0.764981
0.778547
0.791346
0.801551
0.807473
0.80791
0.802536
0.792142
0.778581
0.764328
0.751858
0.743163
0.739718
0.742405
0.751339
0.765973
0.785222
0.807549
0.831029
0.853393
0.872317
0.885748
0.892266
0.891369
0.883413
0.869434
0.85074
0.82871
0.804842
0.781116
0.760227
0.745612
0.740509
0.74674
0.763712
0.788267
0.815666
0.841136
0.861173
0.874107
0.880156
0.880629
0.877006
0.870494
0.861715
0.851022
0.838944
0.826395
0.814771
0.805335
0.798696
0.794473
0.791554
0.788704
0.785144
0.780785
0.776137
0.772179
0.770046
0.770784
0.775054
0.782765
0.792967
0.804036
0.814138
0.82171
0.825881
0.826412
0.823567
0.817994
0.810651
0.802743
0.795675
0.790869
0.789532
0.792308
0.798901
0.808053
0.817716
0.825751
0.830502
0.831286
0.828351
0.822434
0.814262
0.804238
0.79242
0.778871
0.764009
0.748803
0.734754
0.72362
0.717148
0.716729
0.72308
0.735907
0.753765
0.774334
0.794957
0.813269
0.827467
0.836472
0.839842
0.83777
0.831074
0.821129
0.809709
0.798551
0.788927
0.781364
0.775684
0.771396
0.768159
0.765844
0.764487
0.764077
0.764493
0.765745
0.768126
0.772054
0.777647
0.784208
0.790366
0.79469
0.796496
0.796258
0.795599
0.796807
0.801932
0.811888
0.825941
0.841902
0.856918
0.868368
0.874451
0.874325
0.868043
0.856455
0.840961
0.823387
0.805909
0.790937
0.780722
0.776718
0.778856
0.785312
0.793031
0.799002
0.801431
0.800375
0.797416
0.794728
0.794079
0.796293
0.801362
0.808761
0.817665
0.826982
0.835351
0.841388
0.844163
0.84357
0.840311
0.835385
0.829606
0.823164
0.815771
0.807089
0.797246
0.786949
0.777523
0.7706
0.767567
0.76879
0.773281
0.778825
0.782956
0.783889
0.781029
0.774626
0.765405
0.754471
0.743455
0.734584
0.73027
0.732432
0.741896
0.758201
0.779856
0.804585
0.829682
0.852374
0.870451
0.882702
0.889056
0.890532
0.88867
0.885256
0.881729
0.878795
0.876379
0.873576
0.869162
0.861993
0.85144
0.837561
0.821205
0.803997
0.787999
0.775198
0.766852
0.763093
0.762931
0.764785
0.767189
0.769085
0.770162
0.770769
0.771741
0.774048
0.778485
0.785428
0.794685
0.805388
0.815996
0.824547
0.82917
0.828765
0.823337
0.813856
0.801842
0.788753
0.775626
0.763187
0.75216
0.743408
0.737908
0.736518
0.739865
0.748275
0.761838
0.780267
0.80281
0.828043
0.853847
0.878049
0.89884
0.914878
0.925204
0.929129
0.926306
0.916912
0.901764
0.882289
0.860201
0.837241
0.814896
0.794332
0.776329
0.761325
0.749406
0.740505
0.734481
0.731257
0.731029
0.734042
0.740387
0.749567
0.760355
0.771229
0.780887
0.788576
0.794017
0.797384
0.799476
0.801707
0.8053
0.810578
0.816844
0.823102
0.828702
0.833581
0.83813
0.842942
0.848659
0.855813
0.864703
0.875008
0.885444
0.89368
0.896942
0.892804
0.880012
0.858802
0.831023
0.799735
0.768502
0.74063
0.718647
0.704029
0.697289
0.698019
0.704979
0.716186
0.729439
0.742888
0.755446
0.766779
0.777195
0.787346
0.797833
0.808743
0.819519
0.829059
0.836144
0.840065
0.840699
0.838451
0.834006
0.828073
0.821342
0.814455
0.807933
0.802213
0.797579
0.794217
0.792239
0.7917
0.792577
0.794959
0.798973
0.804516
0.811399
0.819485
0.828738
0.839135
0.850536
0.862709
0.875312
0.887791
0.899305
0.908522
0.913731
0.913162
0.905436
0.890201
0.868347
0.841962
0.813755
0.786069
0.760311
0.737124
0.716769
0.699603
0.686406
0.678751
0.678824
0.688351
0.707221
0.73301
0.761808
0.789765
0.813772
0.831743
0.842754
0.847065
0.845912
0.841046
0.834064
0.826067
0.817753
0.809391
0.801112
0.792937
0.784979
0.777465
0.770824
0.765452
0.761613
0.759386
0.758832
0.760215
0.763874
0.769834
0.777441
0.785459
0.792601
0.79815
0.802354
0.806321
0.811496
0.819057
0.829409
0.841882
0.854755
0.865625
0.87206
0.872304
0.865746
0.852814
0.834771
0.813515
0.791271
0.770371
0.7529
0.740483
0.734225
0.734664
0.741981
0.756016
0.776116
0.80077
0.827682
0.854086
0.87734
0.895596
0.908075
0.914896
0.916681
0.91391
0.906554
0.894171
0.876571
0.8544
0.829347
0.803947
0.78097
0.762591
0.749906
0.743041
0.741722
0.745756
0.754789
0.767577
0.781805
0.794912
0.804826
0.810344
0.811125
0.8076
0.800931
0.792772
0.784836
0.778579
0.774986
0.7746
0.777575
0.783673
0.792462
0.803391
0.81575
0.828597
0.840714
0.85076
0.857676
0.861138
0.861678
0.860277
0.857535
0.852983
0.845094
0.832174
0.813606
0.790557
0.765876
0.743266
0.726247
0.717304
0.717565
0.726668
0.742949
0.763895
0.786789
0.809306
0.829865
0.847497
0.861617
0.871659
0.876988
0.877108
0.871878
0.861839
0.84836
0.833416
0.819096
0.806747
0.796602
0.787971
0.780073
0.77278
0.766888
0.763767
0.764721
0.770363
0.780256
0.792917
0.806206
0.817907
0.826317
0.830664
0.831155
0.828769
0.824783
0.820229
0.815608
0.810862
0.805676
0.799733
0.793022
0.785838
0.778911
0.773286
0.770046
0.770052
0.773542
0.779867
0.787532
0.794777
0.800198
0.803181
0.803837
0.802711
0.800293
0.796712
0.791854
0.785696
0.778779
0.772369
0.768203
0.767738
0.771354
0.778145
0.786383
0.794203
0.799931
0.802254
0.800378
0.794202
0.784745
0.774131
0.765215
0.760941
0.763418
0.773153
0.788763
0.80729
0.825027
0.838877
0.847349
0.850914
0.851547
0.851487
0.852317
0.854522
0.857742
0.861329
0.864656
0.867269
0.868885
0.869325
0.868407
0.865931
0.861684
0.855579
0.847702
0.83841
0.82845
0.818889
0.81102
0.805979
0.804367
0.805774
0.808848
0.811761
0.812861
0.811132
0.806393
0.799088
0.789929
0.779434
0.767816
0.755135
0.741498
0.727367
0.713668
0.701587
0.6922
0.686173
0.683673
0.684502
0.688369
0.694816
0.703282
0.712928
0.722684
0.731434
0.73825
0.742697
0.745098
0.746443
0.748235
0.751895
0.758269
0.767335
0.778315
0.789963
0.801041
0.810546
0.817852
0.822956
0.826372
0.828914
0.831232
0.833369
0.834747
0.83442
0.831902
0.827677
0.823246
0.820554
0.820951
0.824494
0.829825
0.834854
0.837921
0.838631
0.838048
0.837779
0.838714
0.840257
0.840856
0.838988
0.833952
0.825974
0.815937
0.805133
0.794925
0.786695
0.781919
0.781994
0.787909
0.799771
0.816418
0.83542
0.853731
0.868508
0.877584
0.879914
0.875654
0.866098
0.85338
0.839875
0.827595
0.817762
0.810552
0.805225
0.800491
0.795057
0.788008
0.779148
0.769073
0.758968
0.750226
0.743989
0.740703
0.740169
0.741901
0.745512
0.750813
0.757798
0.766512
0.77699
0.788982
0.801563
0.812994
0.820959
0.823472
0.819676
0.810279
0.79732
0.783642
0.772169
0.765366
0.76483
0.771059
0.783473
0.800509
0.8198
0.838409
0.853157
0.861225
0.860922
0.852289
0.837437
0.819875
0.803245
0.789891
0.78064
0.775465
0.774355
0.77761
0.785346
0.796862
0.810378
0.823459
0.833706
0.839348
0.839734
0.835545
0.828534
0.820684
0.813403
0.806979
0.800886
0.794518
0.78792
0.781988
0.778278
0.778463
0.783651
0.793861
0.807851
0.823543
0.838504
0.850398
0.857285
