0.816653
0.807828
0.794383
0.778112
0.761506
0.747299
0.737765
0.734077
0.735816
0.741074
0.747258
0.752211
0.755053
0.756347
0.757588
0.760365
0.76565
0.773588
0.783584
0.794677
0.805808
0.816028
0.824688
0.831372
0.836044
0.839046
0.841037
0.842689
0.844351
0.8458
0.846269
0.84485
0.840755
0.833684
0.824001
0.81258
0.800563
0.789057
0.778889
0.770637
0.764571
0.760716
0.75889
0.758707
0.759705
0.761427
0.763417
0.765222
0.766351
0.766414
0.765235
0.763078
0.760713
0.759552
0.761401
0.767787
0.779032
0.79379
0.809759
0.824749
0.837142
0.845802
0.850001
0.849564
0.84484
0.836823
0.827049
0.817329
0.809281
0.803839
0.80078
0.798956
0.79682
0.792983
0.786692
0.777817
0.766793
0.75436
0.741516
0.729626
0.720618
0.716795
0.719806
0.729241
0.742399
0.755436
0.765051
0.769567
0.769166
0.765437
0.760638
0.756962
0.755968
0.758159
0.763032
0.769388
0.775856
0.781414
0.785702
0.789018
0.792069
0.795762
0.800926
0.807933
0.816376
0.825149
0.83287
0.838597
0.842253
0.844478
0.846031
0.847318
0.84801
0.8472
0.84387
0.837414
0.827853
0.816012
0.80329
0.791539
0.782795
0.779039
0.781544
0.790361
0.803897
0.819058
0.832192
0.840198
0.841226
0.834859
0.821709
0.803081
0.780773
0.756977
0.734364
0.71595
0.704603
0.702324
0.709645
0.725558
0.747905
0.773871
0.800409
0.824578
0.843881
0.856577
0.861806
0.859756
0.851534
0.838796
0.823419
0.80698
0.790395
0.774088
0.758464
0.744434
0.733485
0.727127
0.726101
0.729818
0.736642
0.744562
0.75182
0.757223
0.760193
0.760577
0.758505
0.754382
0.749082
0.744036
0.741123
0.742389
0.749615
0.763785
0.784477
0.80959
0.835596
0.858521
0.87508
0.883327
0.882711
0.874065
0.859378
0.841334
0.822851
0.806466
0.793797
0.78541
0.780943
0.779539
0.780209
0.782035
0.784415
0.787068
0.790022
0.793443
0.797481
0.801962
0.806117
0.808699
0.808423
0.804497
0.797113
0.787489
0.77758
0.769514
0.764883
0.764141
0.766585
0.770839
0.77541
0.779392
0.782546
0.785121
0.787557
0.790269
0.793413
0.796899
0.80044
0.803607
0.805801
0.806412
0.804954
0.801203
0.795265
0.787641
0.779185
0.770874
0.76369
0.758416
0.755655
0.755916
0.759561
0.766627
0.776761
0.789255
0.803088
0.816829
0.828715
0.836959
0.840172
0.837685
0.829657
0.817142
0.801944
0.786338
0.772694
0.762887
0.757914
0.758054
0.763015
0.771955
0.783445
0.795617
0.806625
0.815043
0.820056
0.821459
0.819455
0.814575
0.807685
0.799934
0.792567
0.786909
0.783855
0.783597
0.785579
0.788693
0.791723
0.793666
0.794011
0.792808
0.790565
0.787997
0.785759
0.784315
0.784106
0.78553
0.788727
0.79332
0.79831
0.802243
0.803655
0.80151
0.795459
0.785937
0.774023
0.761084
0.748727
0.738494
0.731732
0.729508
0.732502
0.7408
0.753743
0.769999
0.787799
0.805215
0.820478
0.832077
0.838924
0.840504
0.836931
0.829029
0.818342
0.80681
0.796362
0.788573
0.784355
0.783802
0.786399
0.791235
0.797355
0.80408
0.811036
0.818039
0.82482
0.830795
0.835056
0.83646
0.833844
0.826263
0.813284
0.795299
0.773697
0.750918
0.73001
0.713865
0.704168
0.700893
0.702381
0.706149
0.709994
0.712714
0.714232
0.715227
0.71655
0.718762
0.722156
0.726961
0.733693
0.743169
0.756133
0.772666
0.791864
0.811996
0.830965
0.846781
0.857947
0.863661
0.863732
0.858528
0.848768
0.835536
0.820183
0.804189
0.78904
0.775981
0.765846
0.759132
0.756006
0.756329
0.759691
0.765239
0.771858
0.778252
0.783231
0.785864
0.785638
0.782733
0.778142
0.773451
0.770565
0.770965
0.775512
0.784284
0.796713
0.811745
0.827912
0.843428
0.85633
0.864748
0.867382
0.863886
0.855037
0.842587
0.828775
0.815788
0.805138
0.797473
0.792664
0.789986
0.788387
0.786749
0.784282
0.780882
0.777171
0.774398
0.774051
0.777079
0.783458
0.792232
0.802038
0.811436
0.818943
0.82328
0.823691
0.820257
0.813756
0.805372
0.796409
0.788139
0.781865
0.778597
0.778693
0.781601
0.786122
0.790911
0.795128
0.798592
0.801524
0.80405
0.805706
0.805403
0.801814
0.793953
0.781841
0.766749
0.750965
0.737111
0.727289
0.722579
0.722907
0.727329
0.734504
0.743118
0.752112
0.760962
0.769593
0.77827
0.78736
0.797148
0.80774
0.819025
0.830585
0.84152
0.850591
0.85638
0.857743
0.85425
0.846375
0.835643
0.824238
0.814317
0.807343
0.803823
0.80336
0.804961
0.807324
0.809197
0.809786
0.808926
0.807078
0.805112
0.80409
0.804767
0.807201
0.810581
0.813404
0.813975
0.810882
0.803525
0.792469
0.779603
0.767629
0.758878
0.754356
0.753539
0.755304
0.758666
0.763004
0.767699
0.772027
0.775281
0.776897
0.776526
0.774029
0.769391
0.762802
0.755062
0.748088
0.744939
0.748915
0.761603
0.781404
0.804097
0.824823
0.840059
0.848159
0.849062
0.843526
0.832632
0.817516
0.7994
0.779922
0.761157
0.745488
0.735153
0.731727
0.735646
0.746075
0.761129
0.778363
0.795232
0.809493
0.819367
0.823775
0.822548
0.816569
0.807755
0.79853
0.791126
0.786962
0.786401
0.788758
0.792747
0.797122
0.801163
0.805048
0.809715
0.816486
0.826153
0.83823
0.850928
0.861734
0.868531
0.870067
0.866096
0.856935
0.843337
0.826192
0.806666
0.786314
0.767064
0.750864
0.73891
0.731158
0.726508
0.723725
0.722213
0.722292
0.72478
0.730464
0.739564
0.751661
0.76571
0.780205
0.793418
0.803599
0.809232
0.809385
0.804023
0.793965
0.780816
0.766616
0.753348
0.742666
0.735641
0.732699
0.733711
0.738145
0.745289
0.75445
0.765251
0.777508
0.790988
0.80497
0.818188
0.828868
0.8352
0.835917
0.830734
0.820531
0.807063
0.792406
0.778453
0.766749
0.758442
0.754464
0.755604
0.762315
0.774447
0.791168
0.810856
0.831307
0.850005
0.864642
0.873524
0.876051
0.872791
0.865355
0.856012
0.847068
0.840125
0.835653
0.832898
0.830453
0.827023
0.822001
0.815338
0.807304
0.798052
0.787667
0.776363
0.764545
0.752898
0.742296
0.733482
0.726826
0.722212
0.719177
0.717202
0.716087
0.716112
0.717976
0.722486
0.730086
0.740581
0.753204
0.766981
0.781088
0.794911
0.807909
0.819616
0.829715
0.838196
0.845363
0.851705
0.857398
0.861966
0.864085
0.862024
0.854451
0.841352
0.824657
0.807883
0.794814
0.788069
0.788345
0.794589
0.804603
0.815777
0.825982
0.833975
0.8393
0.842053
0.842524
0.841092
0.838309
0.834778
0.831057
0.82744
0.823838
0.819816
0.814869
0.808631
0.801022
0.79236
0.783042
0.773312
0.76318
0.752533
0.741497
0.730662
0.720979
0.713484
0.708907
0.707477
0.708927
0.712768
0.718521
0.725971
0.735247
0.746732
0.760583
0.77634
0.792806
0.80828
0.821052
0.829923
0.834248
0.833977
0.829517
0.821541
0.810897
0.798465
0.785118
0.771605
0.758445
0.745921
0.734103
0.723065
0.713203
0.705335
0.700878
0.701542
0.708778
0.723205
0.744366
0.770822
0.800486
0.830804
0.858987
0.88232
0.898423
0.90568
0.903536
0.892688
0.875177
0.8541
0.833091
0.815465
0.803392
0.797966
0.799358
0.806423
0.816151
0.824182
0.826375
0.820385
0.80628
0.786318
0.764071
0.743512
0.728026
0.719628
0.718725
0.724264
0.733995
0.744972
0.754209
0.759496
0.760033
0.756496
0.750684
0.744868
0.741102
0.740842
0.744866
0.753296
0.76577
0.781612
0.799838
0.819087
0.837595
0.853426
0.864906
0.871046
0.871861
0.868173
0.861401
0.853058
0.844292
0.835977
0.828668
0.822631
0.817718
0.813333
0.808564
0.802474
0.794536
0.784782
0.773844
0.762855
0.753033
0.74525
0.739683
0.735987
0.73369
0.732426
0.731899
0.731747
0.731708
0.731878
0.732814
0.735264
0.73967
0.745799
0.752886
0.760118
0.767173
0.774357
0.782369
0.792044
0.80396
0.818187
0.83408
0.850348
0.865264
0.87692
0.883631
0.884328
0.878948
0.868396
0.854375
0.838914
0.823851
0.810439
0.799418
0.791312
0.78646
0.784803
0.785534
0.78721
0.788318
0.787911
0.78597
0.783336
0.781093
0.77957
0.777691
0.77326
0.764152
0.749592
0.730653
0.710039
0.691254
0.677504
0.670892
0.671966
0.679884
0.69305
0.709706
0.728409
0.748263
0.768865
0.790078
0.811628
0.832926
0.853046
0.870844
0.885295
0.89587
0.902688
0.906233
0.907084
0.90545
0.901292
0.894612
0.885734
0.875381
0.864561
0.854163
0.844616
0.835692
0.826538
0.816079
0.80358
0.789154
0.774014
0.760368
0.750795
0.747021
0.748772
0.753471
0.757533
0.758045
0.754228
0.747716
0.741831
0.739959
0.743965
0.753505
0.766625
0.781039
0.795009
0.807523
0.817963
0.825787
0.830406
0.831365
0.82859
0.82257
0.814316
0.805118
0.796419
0.78922
0.783811
0.779518
0.775334
0.7706
0.765365
0.760224
0.756037
0.753582
0.753184
0.754758
0.757939
0.762542
0.768869
0.777634
0.789346
0.803729
0.819297
0.833756
0.844717
0.850357
0.849939
0.843752
0.832879
0.8187
0.802565
0.785753
0.769737
0.756344
0.747464
0.744297
0.746824
0.75387
0.763636
0.774362
0.784771
0.794103
0.801916
0.807978
0.812214
0.814827
0.816356
0.817637
0.81954
0.822796
0.827797
0.834644
0.842989
0.852012
0.860402
0.866469
0.868649
0.865773
0.857353
0.843734
0.825989
0.805732
0.785034
0.765971
0.750449
0.739873
0.734966
0.735672
0.741154
0.749916
0.760162
0.77002
0.777796
0.782165
0.782332
0.778212
0.770662
0.761595
0.753631
0.748967
0.748435
0.75134
0.756333
0.762366
0.769169
0.777129
0.786708
0.797947
0.810271
0.822608
0.8338
0.842968
0.849554
0.853142
0.853128
0.84867
0.839013
0.824036
0.804774
0.78351
0.763374
0.74746
0.737957
0.735543
0.739295
0.747127
0.756433
0.76474
0.770297
0.772444
0.771639
0.769244
0.766802
0.765333
0.76512
0.765984
0.767826
0.770908
0.77584
