0.491522   -0.499484   0.494044
-0.326147   -0.340562   -0.49594
-0.487866   -0.32531   -0.346344
-0.337641   -0.496165   -0.334203
-0.154622   0.491606   0.486091
0.00431036   -0.337944   0.471126
-0.171851   -0.342826   -0.317028
-0.0183518   0.486924   -0.32756
0.179971   -0.49313   0.479025
0.333882   -0.339943   0.49007
0.145156   -0.356737   -0.333629
0.337572   0.47687   -0.322657
-0.48849   -0.146713   0.498397
-0.314221   0.0202878   0.486369
0.486302   -0.00408546   -0.325273
-0.344898   -0.161202   -0.329814
-0.157527   -0.140004   0.482856
-9.70325e-05   0.00437693   0.487955
-0.168232   -0.0038599   -0.339994
-0.0284766   -0.179523   -0.354374
0.15711   -0.182382   -0.499254
0.326846   -0.0174906   0.492008
0.163465   0.0112643   -0.339322
0.316159   -0.174668   -0.328241
0.4694   0.161331   -0.481718
-0.346327   0.328387   -0.498289
0.49266   0.321459   -0.326643
-0.314558   0.162242   -0.343472
-0.14101   0.163142   -0.48577
0.0219141   0.341908   0.494117
-0.169985   0.329445   -0.342046
-0.0059658   0.168049   -0.323177
0.165018   0.176182   -0.494811
0.323108   0.338075   -0.49287
0.162343   0.345913   -0.339389
0.331505   0.183793   -0.333683
-0.498768   -0.492148   -0.159881
-0.346905   -0.326068   -0.155169
-0.498052   -0.311016   -0.0132814
-0.343891   -0.493306   -0.00522937
-0.17713   0.492362   -0.163464
-0.0120341   -0.339997   -0.175592
-0.16547   -0.317485   -0.0121433
-0.00381924   0.4823   -0.0103811
0.164077   0.495483   -0.150712
0.326077   -0.351992   -0.151627
0.149919   -0.333984   -0.0136841
0.345005   -0.489355   0.00199216
0.48702   -0.168908   -0.175693
-0.340021   -0.00855999   -0.176468
0.485294   -0.0324099   -0.00420634
-0.333778   -0.1749   -0.00104822
-0.176933   -0.155224   -0.175278
-0.0030049   0.0136778   -0.17235
-0.171409   -0.00542359   0.0207486
-0.00209352   -0.145603   -0.00309682
0.145266   -0.162915   -0.193791
0.336892   0.0127321   -0.173811
0.164682   0.00498098   -0.018886
0.308062   -0.172171   -0.0231846
-0.490908   0.163685   -0.157407
-0.341392   0.309822   -0.173754
0.498283   0.351434   -0.00260077
-0.342084   0.155096   0.0100884
-0.173227   0.149257   -0.156881
-0.0160101   0.306154   -0.157384
-0.173286   0.324954   -0.00217089
0.00781274   0.144323   -0.0208045
0.172336   0.172498   -0.171875
0.330551   0.341587   -0.143801
0.156684   0.323496   -0.0210134
0.342567   0.152653   -0.0108178
0.496075   -0.475685   0.158529
-0.321902   -0.327214   0.181457
-0.477264   -0.324568   0.332025
-0.332953   0.487257   0.345723
-0.178697   -0.486209   0.137761
-0.0068086   -0.337771   0.151592
-0.147744   -0.334453   0.318877
0.0183239   -0.488957   0.310822
0.171816   -0.498878   0.140161
0.321906   -0.32635   0.162184
0.170104   -0.336859   0.325948
0.337529   -0.489724   0.32863
0.488428   -0.166948   0.169528
-0.346628   0.003146   0.173793
0.48419   -0.0034048   0.343835
-0.320923   -0.170102   0.32226
-0.152594   -0.169463   0.149057
0.0132034   0.0109645   0.167777
-0.164407   0.0215028   0.333367
0.0068704   -0.157276   0.318193
0.163627   -0.172555   0.165012
0.326554   -0.00363304   0.148264
0.167987   0.0156281   0.327877
0.35024   -0.179179   0.346571
0.495369   0.174771   0.164086
-0.343031   0.338737   0.159215
-0.49505   0.324686   0.340987
-0.318518   0.183883   0.337616
-0.161422   0.164218   0.167255
-0.0121088   0.341287   0.163845
-0.16426   0.341395   0.337536
0.00929312   0.16284   0.332579
0.163601   0.164668   0.151096
0.308854   0.331657   0.144637
0.150516   0.32879   0.323791
0.338329   0.153261   0.327591
