0.80051
0.801613
0.802735
0.803876
0.805037
0.806216
0.807414
0.808629
0.809862
0.811111
0.812374
0.813652
0.814941
0.816244
0.817557
0.81888
0.82021
0.821545
0.822885
0.824228
0.825573
0.826918
0.828262
0.829603
0.83094
0.832271
0.833594
0.834909
0.836215
0.83751
0.838794
0.840066
0.841325
0.842569
0.843799
0.845013
0.84621
0.84739
0.848553
0.8497
0.85083
0.851944
0.853041
0.854123
0.855189
0.85624
0.857276
0.858297
0.859303
0.860296
0.861277
0.862248
0.863208
0.864157
0.865096
0.866025
0.866944
0.867854
0.868754
0.869647
0.870532
0.871408
0.872275
0.873131
0.873977
0.87481
0.875632
0.876442
0.877239
0.87802
0.878786
0.879534
0.880264
0.880973
0.88166
0.882325
0.882964
0.883576
0.88416
0.884713
0.885234
0.885722
0.886176
0.886596
0.886978
0.887321
0.887624
0.887885
0.888103
0.888278
0.888408
0.888495
0.888537
0.888534
0.888486
0.888391
0.888252
0.888068
0.887839
0.887566
0.887251
0.886895
0.886499
0.886064
0.885591
0.885082
0.884538
0.883962
0.883357
0.882723
0.882063
0.881379
0.880673
0.879946
0.879204
0.878446
0.877675
0.876893
0.876102
0.875306
0.874506
0.873705
0.872905
0.872108
0.871316
0.870532
0.869757
0.868994
0.868245
0.867509
0.86679
0.866087
0.865403
0.864739
0.864097
0.863477
0.86288
0.862307
0.861759
0.861236
0.860739
0.860268
0.859823
0.859405
0.859013
0.858647
0.858305
0.857989
0.857697
0.85743
0.857188
0.856969
0.856772
0.856595
0.856438
0.8563
0.856179
0.856074
0.855983
0.855907
0.855844
0.855792
0.85575
0.855716
0.855688
0.855665
0.855645
0.855628
0.855613
0.855599
0.855583
0.855563
0.855538
0.855507
0.85547
0.855424
0.855369
0.855305
0.85523
0.855142
0.855041
0.854926
0.854798
0.854656
0.854499
0.854327
0.854138
0.853935
0.853715
0.853479
0.853227
0.852959
0.852675
0.852374
0.852059
0.851729
0.851384
0.851025
0.850653
0.850266
0.849865
0.849453
0.849028
0.848591
0.848143
0.847684
0.847214
0.846732
0.846241
0.84574
0.84523
0.844711
0.844182
0.843643
0.843095
0.842536
0.841967
0.841387
0.840797
0.840195
0.839583
0.838958
0.838322
0.837675
0.837015
0.836341
0.835654
0.834953
0.834236
0.833505
0.832758
0.831994
0.831214
0.830419
0.829606
0.828777
0.827931
0.827068
0.826188
0.825291
0.824378
0.82345
0.822507
0.821551
0.820582
0.819602
0.818611
0.817611
0.816602
0.815588
0.814571
0.813552
0.812534
0.811518
0.810506
0.809503
0.80851
0.80753
0.806566
0.805623
0.804703
0.80381
0.802945
0.802113
0.801318
0.800563
0.799852
0.79919
0.798579
0.798022
0.797524
0.797087
0.796714
0.796409
0.796175
0.796014
0.795931
0.795927
0.796004
0.796165
0.796411
0.796746
0.797171
0.797687
0.798294
0.798995
0.799789
0.800678
0.801661
0.802737
0.803906
0.805167
0.806518
0.80796
0.809489
0.811103
0.812799
0.814575
0.816427
0.818352
0.820348
0.822409
0.824532
0.826713
0.828948
0.831232
0.83356
0.835927
0.838329
0.84076
0.843213
0.845684
0.848167
0.850659
0.853153
0.855644
0.858126
0.860594
0.863043
0.865467
0.867862
0.870224
0.872549
0.874831
0.877066
0.87925
0.881378
0.883447
0.885454
0.887397
0.889271
0.891074
0.892804
0.894458
0.896035
0.897532
0.898948
0.900283
0.901535
0.902703
0.903788
0.904788
0.905703
0.906533
0.907279
0.907942
0.908523
0.909021
0.909439
0.909776
0.910035
0.910218
0.910325
0.910359
0.910321
0.910213
0.910037
0.909794
0.909487
0.909118
0.90869
0.908204
0.907662
0.907066
0.90642
0.905724
0.904982
0.904195
0.903367
0.902499
0.901593
0.900652
0.899677
0.898671
0.897635
0.896572
0.895485
0.894375
0.893244
0.892095
0.890928
0.889748
0.888556
0.887353
0.886141
0.884922
0.883697
0.882471
0.881244
0.880018
0.878795
0.877576
0.876362
0.875155
0.873957
0.872768
0.871591
0.870427
0.869276
0.868141
0.867021
0.865917
0.864828
0.863756
0.862701
0.861662
0.86064
0.859635
0.858645
0.857672
0.856714
0.85577
0.85484
0.853923
0.853017
0.852122
0.851237
0.85036
0.84949
0.848625
0.847766
0.84691
0.846056
0.845202
0.844348
0.843494
0.842637
0.841777
0.840913
0.840044
0.83917
0.838289
0.837401
0.836506
0.835602
0.834692
0.833772
0.832845
0.831908
0.830962
0.830008
0.829046
0.828077
0.827101
0.826118
0.825128
0.824134
0.823136
0.822135
0.821134
0.820132
0.819131
0.818131
0.817135
0.816144
0.81516
0.814185
0.81322
0.812268
0.81133
0.810408
0.809504
0.808621
0.80776
0.806923
0.806113
0.805331
0.804579
0.803858
0.803171
0.802518
0.801902
0.801325
0.800788
0.800291
0.799838
0.799429
0.799065
0.798748
0.798479
0.798258
0.798085
0.797961
0.797886
0.797862
0.797888
0.797964
0.798089
0.798265
0.79849
0.798763
0.799083
0.799451
0.799864
0.800322
0.800823
0.801366
0.801951
0.802575
0.803236
0.803933
0.804664
0.805428
0.806222
0.807046
0.807896
0.808772
0.809671
0.810591
0.811532
0.81249
0.813464
0.814452
0.815452
0.816463
0.817482
0.818507
0.819538
0.820575
0.821613
0.822651
0.823686
0.824718
0.825744
0.826764
0.827777
0.828782
0.829779
0.830763
0.831735
0.832691
0.833634
0.834561
0.835472
0.836366
0.837242
0.838101
0.838941
0.83976
0.840558
0.841335
0.842091
0.842824
0.843535
0.844224
0.84489
0.845534
0.846156
0.846755
0.847333
0.847889
0.848423
0.848937
0.849429
0.849902
0.850354
0.850785
0.851197
0.85159
0.851965
0.852321
0.852659
0.852981
0.853287
0.853576
0.85385
0.854109
0.854354
0.854585
0.854805
0.855012
0.855209
0.855395
0.855571
0.855737
0.855895
0.856043
0.856184
0.856316
0.856444
0.856566
0.856682
0.856793
0.856899
0.857001
0.857099
0.857192
0.857283
0.857372
0.857459
0.857544
0.857628
0.85771
0.857792
0.857874
0.857955
0.858037
0.85812
0.858205
0.858289
0.858375
0.85846
0.858547
0.858634
0.858722
0.858812
0.858904
0.858998
0.859093
0.859192
0.859293
0.859396
0.859502
0.859611
0.85972
0.859832
0.859945
0.86006
0.860177
0.860296
0.860417
0.860539
0.860663
0.860788
0.860915
0.861042
0.861171
0.861301
0.861432
0.861563
0.861696
0.861829
0.861962
0.862093
0.862224
0.862352
0.862479
0.862602
0.862722
0.862838
0.86295
0.863058
0.863164
0.863266
0.863362
0.863452
0.863534
0.863608
0.863673
0.863728
0.863773
0.863809
0.863832
0.863843
0.863841
0.863826
0.863796
0.863752
0.863693
0.863618
0.863525
0.863414
0.863285
0.863136
0.862967
0.862777
0.862567
0.862335
0.86208
0.861802
0.8615
0.861173
0.860821
0.860445
0.860044
0.859617
0.859164
0.858687
0.858182
0.857649
0.857089
0.856502
0.855886
0.855242
0.854569
0.853867
0.853137
0.852379
0.851591
0.850775
0.84993
0.849058
0.848156
0.847227
0.84627
0.845284
0.844271
0.843229
0.84216
0.841065
0.839941
0.83879
0.837612
0.836407
0.835175
0.833917
0.832632
0.831324
0.829992
0.828635
0.827254
0.82585
0.824423
0.822975
0.821506
0.820017
0.818509
0.816984
0.81544
0.813881
0.812307
0.81072
0.809121
0.807511
0.805892
0.804266
0.802633
0.800997
0.79936
0.797724
0.79609
0.79446
0.792838
0.791225
0.789625
0.788038
0.786467
0.784915
0.783385
0.781879
0.780401
0.778953
0.777539
0.776162
0.774824
0.773527
0.772275
0.771068
0.76991
0.768803
0.76775
0.766753
0.765814
0.764937
0.764121
0.76337
0.762685
0.762067
0.761518
0.761038
0.760629
0.760292
0.760026
0.759833
0.759713
0.759666
0.759691
0.75979
0.75996
0.760202
0.760515
0.760895
0.761344
0.76186
0.76244
0.763084
0.763789
0.764553
0.765373
0.766247
0.767171
0.768143
0.769161
0.770221
0.77132
0.772456
0.773626
0.774826
0.776051
0.777298
0.778563
0.779844
0.781136
0.782436
0.78374
0.785044
0.786346
0.787642
0.788929
0.790204
0.791463
0.792702
0.793919
0.79511
0.796274
0.797407
0.798506
0.799569
0.800595
0.801581
0.802525
0.803424
0.804278
0.805084
0.80584
0.806545
0.807198
0.807799
0.808347
0.808839
0.809275
0.809654
0.809975
0.810238
0.810443
0.810589
0.810678
0.810707
0.810679
0.810593
0.810449
0.810246
0.809986
0.809669
0.809295
0.808866
0.808382
0.807844
0.807252
0.806608
0.805913
0.805168
0.804372
0.803528
0.802636
0.801697
0.800714
0.799687
0.798617
0.797506
0.796356
0.795168
0.793944
0.792687
0.791397
0.790076
0.788727
0.787351
0.785949
0.784523
0.783077
0.781611
0.780128
0.778631
0.777121
0.775601
0.774073
0.77254
0.771005
0.769469
0.767937
0.766411
0.764894
0.763388
0.761895
0.760418
0.758961
0.757525
0.756114
0.754731
0.753378
0.752059
0.750777
0.749532
0.748329
0.747167
0.746052
0.744984
0.743968
0.743004
0.742095
0.74124
0.740444
0.739706
0.739028
0.738411
0.737859
0.737371
0.736947
0.736591
0.736301
0.73608
0.735926
0.735838
0.735817
0.735861
0.735972
0.736149
0.73639
0.736697
0.737068
0.737502
0.737998
0.738556
0.739175
0.739851
0.740584
0.741372
0.742215
0.74311
0.744055
0.745049
0.74609
0.747177
0.748308
0.74948
0.750692
0.751941
0.753226
0.754545
0.755895
0.757276
0.758685
0.76012
0.76158
0.763063
0.764566
0.766088
0.767628
0.769183
0.770752
0.772334
0.773925
0.775526
0.777135
0.778749
0.780367
0.781988
0.783611
0.785235
0.786857
0.788478
0.790095
0.791707
0.793312
0.794909
0.796496
0.798072
0.799636
0.801188
0.802726
0.804249
0.805756
0.807246
0.808718
0.810171
0.811604
0.813016
0.814406
0.815773
0.817116
0.818435
0.81973
0.820999
0.822241
0.823456
0.824644
0.825805
0.826937
0.828041
0.829116
0.830163
0.831183
0.832174
0.833137
0.834071
0.834978
0.835857
0.836706
0.837528
0.838322
0.839089
0.839828
0.840541
0.841228
0.84189
0.842527
0.84314
0.84373
0.844297
0.844842
0.845368
0.845875
0.846363
0.846835
0.84729
0.84773
0.848155
0.848566
0.848965
0.849352
0.849728
0.850095
0.850453
0.850805
0.85115
0.851492
0.851829
0.852164
0.852497
0.852829
0.853162
0.853496
0.853833
0.854174
0.85452
0.854869
0.855224
0.855584
0.855949
0.856321
0.8567
0.857087
0.857482
0.857884
0.858296
0.858717
0.859145
0.859583
0.860029
0.860484
0.860949
0.861422
0.861903
0.862393
0.862891
0.863395
0.863906
0.864424
0.864948
0.865478
0.866013
0.866553
0.867098
0.867646
0.868198
0.868754
0.869312
0.869873
0.870434
0.870995
0.871555
0.872114
0.872673
0.873228
0.87378
0.874328
0.874871
0.875408
0.875939
0.876463
0.87698
0.877489
0.877989
0.878479
0.878958
0.879424
0.879877
0.880317
0.880742
0.881152
0.881547
0.881925
0.882285
0.882626
0.882948
0.883249
0.883529
0.883787
0.884021
0.884231
0.884415
0.884572
0.884701
0.884801
0.88487
0.884909
0.884916
0.88489
0.884828
0.884732
0.884601
0.884434
0.884229
0.883985
0.883699
0.883372
0.883003
0.882592
0.882137
0.881637
0.881092
0.880502
0.879866
0.879184
0.878455
0.877677
0.876853
0.875981
0.875061
0.874093
0.873078
0.872015
0.870905
0.86975
0.86855
0.867305
0.866014
0.86468
0.863303
0.861884
0.860425
0.858927
0.85739
0.855817
0.854209
0.852567
0.850894
0.84919
0.84746
0.845705
0.843929
0.842133
0.840319
0.838489
0.836648
0.834797
0.83294
0.831078
0.829216
0.827356
0.825503
0.823658
0.821825
0.820008
0.818211
0.816435
0.814685
0.812964
0.811276
0.809626
0.808016
0.806449
0.804928
0.803457
0.802039
0.800678
0.799378
0.798139
0.796964
0.795855
0.794816
0.793848
0.792953
0.792133
0.791392
0.790728
0.790144
0.78964
0.789218
0.788878
0.788621
0.788447
0.788355
0.788347
0.788421
0.788579
0.788818
0.789138
0.789538
0.790018
0.790577
0.791214
0.791926
0.792712
0.793569
0.794498
0.795494
0.796558
0.797687
0.79888
0.800134
0.801449
0.802821
0.804249
0.80573
0.807263
0.808845
0.810473
0.812146
0.813861
0.815615
0.817408
0.819236
0.821098
0.822992
0.824914
0.826862
0.828835
0.83083
0.832845
0.834877
0.836923
0.838982
0.841052
0.843129
0.845212
0.847297
0.849384
0.851471
0.853554
0.855632
0.857703
0.859765
0.861814
0.863849
0.865868
0.86787
0.869853
0.871814
0.87375
0.87566
0.877542
0.879395
0.881217
0.883006
0.884759
0.886475
0.888153
0.889791
0.891386
0.892938
0.894446
0.895907
0.89732
0.898682
0.899994
0.901253
0.902458
0.903607
0.904699
0.905733
0.906708
0.907622
0.908475
0.909264
0.90999
0.910651
0.911245
0.911773
0.912232
0.912622
0.912943
0.913192
0.913371
0.913479
0.913513
0.913475
0.913363
0.913178
0.912918
0.912584
0.912176
0.911692
0.911133
0.910498
0.909788
0.909002
0.908141
0.907205
0.906195
0.905112
0.903956
0.902729
0.90143
0.900062
0.898625
0.897121
0.895551
0.893917
0.892218
0.890457
0.888634
0.886752
0.884813
0.882821
0.880777
0.878681
0.876536
0.874343
0.872104
0.869821
0.867496
0.865131
0.862731
0.860296
0.857829
0.855332
0.852808
0.85026
0.847692
0.845104
0.842499
0.839881
0.837252
0.834613
0.831969
0.829322
0.826675
0.824031
0.821392
0.818761
0.816138
0.813529
0.810936
0.808361
0.805807
0.803276
0.800772
0.798297
0.795853
0.793443
0.79107
0.788736
0.786445
0.784198
0.781998
0.779847
0.777749
0.775705
0.773718
0.771789
0.769921
0.768115
0.766373
0.764699
0.763093
0.761557
0.760094
0.758704
0.75739
0.756152
0.754992
0.753911
0.752909
0.751988
0.751149
0.750393
0.74972
0.749129
0.74862
0.748194
0.747851
0.74759
0.747411
0.747314
0.747299
0.747364
0.747508
0.74773
0.748029
0.748404
0.748852
0.749372
0.749962
0.750619
0.751343
0.752129
0.752977
0.753884
0.754847
0.755866
0.756937
0.758058
0.759228
0.760444
0.761705
0.763008
0.764351
0.765732
0.767148
0.768598
0.770078
0.771588
0.773127
0.774691
0.77628
0.777893
0.779528
0.781184
0.782859
0.784552
0.786262
0.787987
0.789728
0.791482
0.793249
0.79503
0.796823
0.798629
0.800447
0.802276
0.804115
0.805965
0.807825
0.809695
0.811574
0.813464
0.815363
0.817272
0.819191
0.821117
0.823053
0.824997
0.826949
0.828908
0.830874
0.832845
0.834822
0.836803
0.838787
0.840773
0.842761
0.84475
0.846737
0.848722
0.850702
0.852676
0.854642
0.8566
0.858546
0.86048
0.862399
0.864302
0.866187
0.86805
0.869889
0.871701
0.873484
0.875236
0.876954
0.878637
0.880281
0.881885
0.883445
0.884961
0.886431
0.887851
0.889219
0.890534
0.891793
0.892995
0.894138
0.895219
0.896237
0.897191
0.898077
0.898896
0.899645
0.900323
0.90093
0.901465
0.901926
0.902312
0.902624
0.902859
0.903017
0.903098
0.903101
0.903026
0.902873
0.902643
0.902335
0.90195
0.901488
0.900949
0.900334
0.899643
0.898877
0.898038
0.897125
0.896139
0.895082
0.893954
0.892757
0.891493
0.890163
0.88877
0.887314
0.885799
0.884228
0.8826
0.880918
0.879183
0.8774
0.875569
0.873695
0.871778
0.869824
0.867833
0.865809
0.863754
0.861674
0.859569
0.857443
0.8553
0.853142
0.850973
0.848797
0.846616
0.844433
0.842252
0.840075
0.837906
0.835748
0.833604
0.831477
0.829369
0.827286
0.825228
0.8232
0.821204
0.819243
0.817321
0.815441
0.813604
0.811813
0.81007
0.808377
0.806736
0.805151
0.803623
0.802156
0.80075
0.799406
0.798128
0.796915
0.795771
0.794695
0.79369
0.792756
0.791894
0.791104
0.790388
0.789745
0.789177
0.788683
0.788263
0.787917
0.787647
0.78745
0.787328
0.787279
0.787303
0.7874
0.787569
0.787809
0.788119
0.788497
0.788945
0.789459
0.790039
0.790684
0.79139
0.792157
0.792983
0.793868
0.794808
0.795802
0.796849
0.797947
0.799092
0.800282
0.801516
0.802792
0.804106
0.805457
0.806842
0.808259
0.809704
0.811176
0.812672
0.814191
0.815729
0.817284
0.818851
0.82043
0.822018
0.823612
0.825208
0.826803
0.828396
0.829982
0.831561
0.833127
0.834679
0.836214
0.837728
0.839221
0.840689
0.842129
0.843539
0.844915
0.846257
0.847562
0.848827
0.850052
0.851232
0.852365
0.85345
0.854485
0.855468
0.856398
0.857272
0.85809
0.858848
0.859546
0.860182
0.860756
0.861266
0.861712
0.862093
0.862407
0.862653
0.862833
0.862946
0.862993
0.86297
0.86288
0.862721
0.862494
0.862199
0.861837
0.861409
0.860917
0.860362
0.859742
0.859062
0.858322
0.857524
0.85667
0.855762
0.854802
0.853792
0.852735
0.851632
0.850486
0.849301
0.84808
0.846825
0.845541
0.844232
0.8429
0.841548
0.84018
0.838799
0.837411
0.836019
0.834627
0.83324
0.831861
0.830496
0.829148
0.827821
0.826519
0.825246
0.824006
0.822802
0.82164
0.820522
0.819451
0.818432
0.817467
0.81656
0.815714
0.814931
0.814214
0.813564
0.812983
0.812473
0.812035
0.811671
0.811382
0.811169
0.811032
0.810971
0.810986
0.811077
0.811243
0.811484
0.811797
0.812182
0.812636
0.813159
0.813749
0.814404
0.815121
0.815899
0.816733
0.817622
0.818562
0.819551
0.820587
0.821667
0.822788
0.823947
0.825142
0.826368
0.827624
0.828907
0.830213
0.831541
0.832887
0.83425
0.835625
0.837011
0.838406
0.839807
0.841214
0.842622
0.84403
0.845437
0.846841
0.848239
0.849631
0.851014
0.852386
0.853746
0.855092
0.856423
0.857739
0.859038
0.86032
0.861582
0.862824
0.864046
0.865246
0.866423
0.867578
0.868708
0.869814
0.870894
0.871948
0.872976
0.873978
0.874953
0.875899
0.876818
0.877709
0.878571
0.879403
0.880205
0.880976
0.881715
0.882423
0.8831
0.883745
0.884357
0.884937
0.885486
0.886003
0.886486
0.886935
0.88735
0.887731
0.888077
0.88839
0.888667
0.88891
0.889117
0.889289
0.889425
0.889527
0.889592
0.889622
0.889616
0.889574
0.889498
0.889386
0.88924
0.889059
0.888842
0.888591
0.888306
0.887987
0.887635
0.887249
0.88683
0.886379
0.885894
0.885378
0.884831
0.884254
0.883646
0.88301
0.882346
0.881654
0.880937
0.880195
0.879429
0.878639
0.877827
0.876993
0.876139
0.875267
0.874377
0.873472
0.872551
0.871617
0.870669
0.86971
0.86874
0.867761
0.866775
0.865782
0.864783
0.863779
0.862773
0.861764
0.860755
0.859747
0.858742
0.857739
0.85674
0.855745
0.854756
0.853774
0.8528
0.851835
0.850878
0.849933
0.848998
0.848074
0.847162
0.846263
0.845377
0.844505
0.843646
0.842803
0.841975
0.841162
0.840364
0.839582
0.838815
0.838064
0.837328
0.836607
0.835901
0.835212
0.834537
0.833876
0.833229
0.832596
0.831975
0.831366
0.830768
0.83018
0.829603
0.829036
0.828477
0.827926
0.827382
0.826844
0.82631
0.825782
0.825258
0.824737
0.82422
0.823705
0.823192
0.822681
0.82217
0.821662
0.821155
0.820649
0.820143
0.819638
0.819135
0.818633
0.818132
0.817634
0.817139
0.816648
0.816165
0.815689
0.815222
0.814765
0.81432
0.813888
0.81347
0.81307
0.812689
0.812329
0.811995
0.811688
0.811411
0.811165
0.810954
0.81078
0.810645
0.810552
0.810505
0.810504
0.810554
0.810655
0.810811
0.811023
0.811292
0.811621
0.81201
0.812461
0.812973
0.813547
0.814185
0.814885
0.815647
0.81647
0.817352
0.818293
0.819288
0.820338
0.821439
0.822588
0.823783
0.825019
0.826293
0.827601
0.828937
0.830298
0.831678
0.833072
0.834476
0.835884
0.837291
0.838693
0.840083
0.841458
0.84281
0.844133
0.845424
0.846675
0.847883
0.849043
0.85015
0.851199
0.852185
0.853104
0.853953
0.854729
0.855427
0.856045
0.856578
0.857026
0.857385
0.857652
0.857827
0.857906
0.857889
0.857775
0.857564
0.857255
0.856848
0.856343
0.855739
0.855038
0.85424
0.853346
0.852359
0.851278
0.850103
0.848836
0.84748
0.846036
0.844507
0.842895
0.841203
0.839433
0.837588
0.83567
0.833686
0.831635
0.829523
0.827351
0.825124
0.822847
0.820523
0.818156
0.815751
0.813313
0.810846
0.808353
0.80584
0.803309
0.800766
0.798215
0.795662
0.793112
0.790569
0.788038
0.785524
0.783033
0.780568
0.778135
0.775737
0.773378
0.771064
0.768799
0.766586
0.764431
0.762336
0.760305
0.758341
0.756447
0.754627
0.752884
0.751219
0.749636
0.748136
0.746721
0.745394
0.744156
0.743007
0.741949
0.740982
0.740107
0.739322
0.738627
0.738024
0.737511
0.737087
0.736752
0.736503
0.73634
0.736259
0.73626
0.73634
0.736497
0.736728
0.737032
0.737405
0.737845
0.73835
0.738916
0.739541
0.740223
0.740957
0.741742
0.742575
0.743451
0.744368
0.745324
0.746316
0.74734
0.748394
0.749475
0.75058
0.751708
0.752854
0.754017
0.755195
0.756385
0.757586
0.758795
0.760011
0.761231
0.762453
0.763678
0.764904
0.766129
0.767351
0.768571
0.769786
0.770997
0.772203
0.773402
0.774595
0.775783
0.776963
0.778136
0.779302
0.780461
0.781614
0.782761
0.783902
0.785038
0.786168
0.787296
0.78842
0.789542
0.790662
0.791782
0.792901
0.794022
0.795144
0.796269
0.797398
0.798532
0.799673
0.800821
0.801978
0.803143
0.804318
0.805502
0.806696
0.807902
0.80912
0.810351
0.811595
0.812851
0.814122
0.815405
0.816703
0.818015
0.81934
0.820679
0.822032
0.823398
0.824776
0.826167
0.827572
0.828988
0.830415
0.831853
0.8333
0.834757
0.836223
0.837697
0.839177
0.840662
0.842152
0.843645
0.845142
0.846641
0.848142
0.849643
0.851142
0.852639
0.854133
0.855621
0.857104
0.858579
0.860046
0.861504
0.862951
0.864388
0.865813
0.867225
0.868623
0.870007
0.871376
0.872728
0.874063
0.87538
0.876679
0.877958
0.879216
0.880454
0.88167
0.882864
0.884035
0.885182
0.886306
0.887407
0.888485
0.889538
0.890566
0.891568
0.892544
0.893493
0.894415
0.895309
0.896176
0.897014
0.897824
0.898606
0.899358
0.900082
0.900778
0.901445
0.902083
0.902692
0.903271
0.90382
0.904341
0.904836
0.905301
0.905736
0.906142
0.906519
0.906869
0.907191
0.907484
0.907749
0.907988
0.9082
0.908386
0.908546
0.90868
0.908789
0.908874
0.908935
0.908971
0.908983
0.908972
0.908937
0.908879
0.908798
0.908696
0.908572
0.908427
0.908261
0.908074
0.907867
0.907639
0.907391
0.907122
0.906832
0.906522
0.906192
0.905843
0.905473
0.905081
0.904668
0.904233
0.903776
0.903296
0.902793
0.902268
0.90172
0.901148
0.900553
0.899933
0.899289
0.89862
0.897926
0.897207
0.896463
0.895693
0.894898
0.894075
0.893227
0.892353
0.891454
0.89053
0.889582
0.88861
0.887614
0.886595
0.885554
0.884491
0.883407
0.882303
0.881181
0.880043
0.878889
0.877721
0.876538
0.875343
0.874135
0.872917
0.871691
0.87046
0.869223
0.867981
0.866736
0.86549
0.864243
0.862999
0.861758
0.86052
0.859289
0.858066
0.856852
0.855649
0.854456
0.853275
0.852108
0.850954
0.849815
0.848692
0.847584
0.846493
0.84542
0.844365
0.843327
0.842308
0.841307
0.840325
0.839361
0.838416
0.837489
0.836581
0.835691
0.834819
0.833964
0.833125
0.832303
0.831497
0.830707
0.82993
0.829166
0.828416
0.827676
0.826948
0.826231
0.825522
0.824823
0.824132
0.823449
0.82277
0.822097
0.821427
0.82076
0.820097
0.819435
0.818774
0.818113
0.817454
0.816794
0.816133
0.815471
0.814808
0.814144
0.813478
0.812808
0.812136
0.811461
0.810784
0.810104
0.809421
0.808737
0.80805
0.807361
0.80667
0.805978
0.805285
0.804592
0.803901
0.803211
0.802523
0.801837
0.801154
0.800476
0.799801
0.799132
0.798468
0.797811
0.797161
0.79652
0.795886
0.795263
0.79465
0.794047
0.793456
0.792877
0.79231
0.791757
0.791217
0.790691
0.790179
0.789683
0.789201
0.788735
0.788285
0.787852
0.787435
0.787035
0.786651
0.786283
0.785933
0.785599
0.785283
0.784984
0.784703
0.78444
0.784194
0.783966
0.783755
0.783564
0.783391
0.783236
0.7831
0.782982
0.782883
0.782804
0.782745
0.782705
0.782686
0.782686
0.782706
0.782748
0.78281
0.782894
0.783
0.783127
0.783276
0.783448
0.783641
0.783857
0.784098
0.784361
0.784647
0.784956
0.785289
0.785646
0.786024
0.786426
0.786849
0.787295
0.787763
0.788253
0.788765
0.789298
0.789851
0.790424
0.791016
0.791626
0.792253
0.792896
0.793555
0.794229
0.794916
0.795617
0.796328
0.797048
0.797778
0.798514
0.799257
0.800003
0.800753
0.801505
0.802257
0.803008
0.803756
0.804499
0.805238
0.805971
0.806695
0.80741
0.808115
0.808808
0.809487
0.810152
0.810802
0.811436
0.812053
0.81265
0.813229
0.813789
0.814328
0.814847
0.815345
0.815821
0.816276
0.816708
0.81712
0.81751
0.817879
0.818228
0.818556
0.818867
0.819159
0.819434
0.819693
0.819937
0.820167
0.820384
0.820589
0.820784
0.820969
0.821148
0.82132
0.821486
0.821648
0.821808
0.821968
0.822129
0.822292
0.822459
0.822631
0.822809
0.822995
0.82319
0.823396
0.823613
0.823841
0.824083
0.824338
0.824608
0.824894
0.825197
0.825516
0.825852
0.826205
0.826575
0.826962
0.827367
0.827789
0.828228
0.828683
0.829154
0.82964
0.830142
0.83066
0.831192
0.831739
0.832299
0.832871
0.833456
0.834052
0.83466
0.835276
0.835902
0.836535
0.837175
0.837822
0.838474
0.839131
0.839793
0.840458
0.841126
0.841796
0.842467
0.843139
0.84381
0.844481
0.845152
0.845822
0.846491
0.847158
0.847823
0.848485
0.849143
0.849797
0.850448
0.851094
0.851736
0.852374
0.853008
0.853638
0.854263
0.854886
0.855504
0.856121
0.856734
0.857344
0.85795
0.858554
0.859155
0.859754
0.860351
0.860947
0.861542
0.862136
0.862729
0.863319
0.863908
0.864497
0.865084
0.865669
0.866255
0.86684
0.867423
0.868004
0.868584
0.869161
0.869736
0.870308
0.870877
0.871442
0.872003
0.872558
0.873109
0.873654
0.874193
0.874726
0.875251
0.875767
0.876274
0.876769
0.877254
0.877727
0.878186
0.87863
0.879059
0.879472
0.879868
0.880243
0.880598
0.880931
0.88124
0.881524
0.881781
0.882012
0.882213
0.882385
0.882525
0.882633
0.882707
0.882746
0.88275
0.882716
0.882644
0.882533
0.882383
0.882193
0.881962
0.88169
0.881376
0.88102
0.880621
0.880181
0.879697
0.879171
0.878602
0.877992
0.877338
0.876643
0.875907
0.875131
0.874317
0.873467
0.872581
0.871661
0.870707
0.869722
0.868708
0.867666
0.866598
0.865506
0.864394
0.863261
0.862111
0.860946
0.859769
0.858581
0.857385
0.856185
0.854981
0.853778
0.852577
0.851381
0.850192
0.849013
0.847846
0.846694
0.84556
0.844445
0.843351
0.842282
0.84124
0.840227
0.839244
0.838294
0.837379
0.836501
0.83566
0.834857
0.834096
0.833376
0.832699
0.832068
0.831482
0.830943
0.830452
0.830009
0.829617
0.829274
0.828982
0.828741
0.82855
0.828412
0.828326
0.828291
0.828307
0.828373
0.828489
0.828655
0.828871
0.829134
0.829447
0.829808
0.830214
0.830666
0.831162
0.831702
0.832285
0.832909
0.833573
0.834275
0.835012
0.835785
0.836592
0.83743
0.838298
0.839194
0.840115
0.841062
0.842032
0.843021
0.844026
0.845047
0.84608
0.847124
0.848176
0.849233
0.850293
0.851354
0.852416
0.853474
0.854526
0.855568
0.856598
0.857615
0.858614
0.859594
0.860551
0.861485
0.862391
0.863268
0.864113
0.864924
0.865698
0.866434
0.867129
0.867781
0.868389
0.868951
0.869465
0.869929
0.870342
0.870701
0.871007
0.871256
0.87145
0.871586
0.871663
0.871681
0.871638
0.871536
0.871373
0.87115
0.870866
0.870521
0.870116
0.86965
0.869124
0.868539
0.867894
0.867192
0.866434
0.86562
0.864752
0.86383
0.862855
0.861831
0.860756
0.859635
0.858467
0.857256
0.856002
0.854708
0.853376
0.852008
0.850606
0.849171
0.847707
0.846215
0.844697
0.843156
0.841595
0.840016
0.83842
0.836809
0.835186
0.833551
0.831907
0.830256
0.8286
0.826941
0.82528
0.82362
0.821962
0.820309
0.818661
0.81702
0.815389
0.813767
0.812156
0.810557
0.808972
0.807403
0.80585
0.804315
0.802799
0.801302
0.799827
0.798374
0.796943
0.795537
0.794157
0.792802
0.791474
0.790175
0.788904
0.787661
0.786449
0.785267
0.784117
0.782999
0.781915
0.780865
0.779849
0.778867
0.777921
0.777012
0.776139
0.775304
0.774507
0.773748
0.773029
0.772348
0.771709
0.771111
0.770554
0.770039
0.769566
0.769136
0.768749
0.768405
0.768105
0.767849
0.767638
0.767472
0.76735
0.767272
0.76724
0.767251
0.767308
0.767409
0.767554
0.767744
0.767977
0.768254
0.768575
0.76894
0.769348
0.769797
0.770287
0.770818
0.77139
0.772001
0.77265
0.773337
0.774062
0.774822
0.775617
0.776446
0.77731
0.778205
0.779131
0.780087
0.78107
0.782082
0.78312
0.784182
0.785267
0.786373
0.787499
0.788645
0.789808
0.790987
0.792182
0.79339
0.79461
0.795842
0.797084
0.798333
0.799589
0.800851
0.802118
0.80339
0.804663
0.805936
0.807209
0.808481
0.80975
0.811015
0.812276
0.813529
0.814775
0.816013
0.817241
0.818458
0.819663
0.820856
0.822037
0.823203
0.824354
0.825487
0.826603
0.827701
0.828779
0.829836
0.830872
0.831885
0.832877
0.833845
0.834789
0.835707
0.836599
0.837463
0.838299
0.839106
0.839885
0.840634
0.841351
0.842038
0.842693
0.843316
0.843906
0.844462
0.844983
0.84547
0.845922
0.846337
0.846717
0.847059
0.847364
0.847634
0.847867
0.848061
0.848218
0.848337
0.848418
0.848462
0.848466
0.848432
0.848359
0.848247
0.848098
0.84791
0.847685
0.847422
0.847122
0.846784
0.84641
0.846
0.845554
0.845075
0.844561
0.844014
0.843434
0.842824
0.842185
0.841516
0.840819
0.840095
0.839347
0.838574
0.83778
0.836965
0.83613
0.835278
0.834409
0.833527
0.832631
0.831725
0.830809
0.829886
0.828957
0.828025
0.827091
0.826158
0.825228
0.824301
0.82338
0.822466
0.821562
0.82067
0.819792
0.818929
0.818081
0.817251
0.81644
0.815649
0.814881
0.814136
0.813415
0.812723
0.812059
0.811422
0.810815
0.810238
0.80969
0.809172
0.808685
0.808228
0.807804
0.807412
0.807051
0.806721
0.806424
0.806157
0.805921
0.805716
0.80554
0.805393
0.805275
0.805184
0.80512
0.805081
0.805066
0.805073
0.805101
0.805149
0.805217
0.805302
0.805404
0.805521
0.805651
0.805794
0.805946
0.806108
0.806276
0.80645
0.806629
0.806811
0.806994
0.807176
0.807356
0.807533
0.807704
0.807869
0.808026
0.808173
0.808311
0.808438
0.808553
0.808655
0.808744
0.808816
0.808872
0.808909
0.808928
0.808927
0.808904
0.80886
0.808795
0.808709
0.808601
0.80847
0.808317
0.80814
0.80794
0.807718
0.807473
0.807205
0.806913
0.806598
0.80626
0.805899
0.805516
0.805112
0.804687
0.804243
0.80378
0.803298
0.802799
0.802284
0.801753
0.801208
0.80065
0.80008
0.799499
0.798908
0.798308
0.797701
0.797088
0.79647
0.795849
0.795224
0.794596
0.793969
0.793343
0.792718
0.792096
0.791477
0.790863
0.790257
0.789658
0.789067
0.788486
0.787915
0.787355
0.786807
0.786272
0.785751
0.785245
0.784753
0.784277
0.783818
0.783376
0.782953
0.782549
0.782163
0.781797
0.781452
0.781129
0.780828
0.780551
0.780298
0.78007
0.779867
0.779691
0.779543
0.779421
0.779327
0.779261
0.779225
0.77922
0.779245
0.779302
0.779391
0.779513
0.779669
0.779858
0.780082
0.78034
0.780633
0.780963
0.781329
0.781731
0.78217
0.782646
0.783159
0.78371
0.784297
0.784922
0.785585
0.786286
0.787024
0.7878
0.788613
0.789463
0.79035
0.791274
0.792235
0.793233
0.794266
0.795336
0.79644
0.797578
0.798749
0.799953
0.801188
0.802453
0.803748
0.805072
0.806425
0.807805
0.809211
0.810641
0.812095
0.813571
0.815068
0.816587
0.818126
0.819683
0.821257
0.822847
0.824452
0.82607
0.827701
0.829343
0.830997
0.83266
0.834332
0.836011
0.837696
0.839386
0.84108
0.842779
0.84448
0.846184
0.847888
0.849593
0.851298
0.853002
0.854704
0.856404
0.8581
0.859792
0.861481
0.863163
0.864839
0.866506
0.868166
0.869816
0.871456
0.873085
0.874702
0.876306
0.877896
0.879471
0.88103
0.882573
0.884099
0.885606
0.887095
0.888564
0.890011
0.891435
0.892835
0.89421
0.895559
0.896881
0.898174
0.899438
0.90067
0.90187
0.903036
0.904169
0.905267
0.906329
0.907353
0.90834
0.909289
0.910198
0.911068
0.911897
0.912686
0.913433
0.914139
0.914803
0.915425
0.916005
0.916544
0.917041
0.917496
0.917911
0.918284
0.918616
0.918907
0.919158
0.919369
0.919541
0.919675
0.919771
0.91983
0.919853
0.919841
0.919795
0.919717
0.919606
0.919464
0.919291
0.919088
0.918856
0.918597
0.918313
0.918003
0.917669
0.91731
0.91693
0.916528
0.916105
0.915662
0.9152
0.91472
0.914223
0.913709
0.913179
0.912633
0.912071
0.911494
0.910903
0.910297
0.909676
0.909041
0.908392
0.90773
0.907052
0.906361
0.905656
0.904937
0.904204
0.903456
0.902695
0.901919
0.90113
0.900326
0.899507
0.898672
0.897824
0.896961
0.896085
0.895194
0.894287
0.893365
0.892427
0.891473
0.890504
0.889518
0.888518
0.887501
0.886469
0.885422
0.88436
0.883283
0.88219
0.881082
0.879959
0.878822
0.877671
0.876506
0.875327
0.874135
0.872929
0.871712
0.870484
0.869244
0.867996
0.866738
0.865471
0.864196
0.862913
0.861625
0.86033
0.859031
0.857729
0.856424
0.855118
0.853812
0.852505
0.851201
0.8499
0.848602
0.84731
0.846025
0.844748
0.843481
0.842224
0.840979
0.839749
0.838534
0.837335
0.836154
0.834992
0.833851
0.832731
0.831635
0.830563
0.829517
0.828499
0.827508
0.826547
0.825618
0.824721
0.823857
0.823027
0.822234
0.821478
0.82076
0.820081
0.819441
0.818843
0.818288
0.817776
0.817309
0.816888
0.816512
0.816183
0.8159
0.815666
0.815479
0.815342
0.815253
0.815213
0.815225
0.815288
0.815402
0.815565
0.815779
0.816042
0.816355
0.816717
0.817126
0.817583
0.818087
0.818638
0.819234
0.819874
0.820559
0.821285
0.822053
0.82286
0.823705
0.824588
0.825505
0.826456
0.827439
0.828451
0.829492
0.830561
0.831653
0.832769
0.833906
0.835062
0.836235
0.837424
0.838626
0.839839
0.841061
0.84229
0.843524
0.844761
0.845998
0.847235
0.84847
0.8497
0.850925
0.852141
0.853346
0.854541
0.855723
0.856891
0.858044
0.85918
0.860299
0.861397
0.862475
0.86353
0.864563
0.865573
0.866558
0.867518
0.868452
0.869358
0.870238
0.871089
0.871911
0.872704
0.873467
0.8742
0.8749
0.875569
0.876207
0.876812
0.877385
0.877926
0.878434
0.878908
0.879348
0.879754
0.880126
0.880463
0.880766
0.881035
0.881268
0.881465
0.881624
0.881748
0.881834
0.881883
0.881894
0.881867
0.881801
0.881697
0.881554
0.881371
0.881149
0.880887
0.880585
0.880242
0.879858
0.879433
0.878967
0.87846
0.877912
0.877322
0.876691
0.876019
0.875307
0.874552
0.873756
0.872918
0.872039
0.871118
0.870155
0.86915
0.868102
0.867013
0.865882
0.86471
0.863498
0.862245
0.860953
0.859622
0.858252
0.856844
0.855399
0.853918
0.8524
0.850845
0.849254
0.847627
0.845966
0.844271
0.842544
0.840786
0.838996
0.837175
0.835324
0.833443
0.831534
0.829598
0.827634
0.825646
0.823633
0.821597
0.819539
0.81746
0.815361
0.813244
0.811109
0.808956
0.806788
0.804606
0.802411
0.800205
0.797988
0.795764
0.793533
0.791297
0.789057
0.786815
0.784573
0.782333
0.780094
0.777861
0.775634
0.773415
0.771205
0.769007
0.766822
0.764651
0.762498
0.760362
0.758246
0.756151
0.75408
0.752034
0.750013
0.748021
0.746058
0.744126
0.742228
0.740364
0.738536
0.736745
0.734994
0.733283
0.731615
0.729991
0.728411
0.726875
0.725386
0.723944
0.722551
0.721207
0.719914
0.718671
0.717481
0.716345
0.715264
0.714235
0.713261
0.712342
0.711477
0.710668
0.709915
0.709218
0.708576
0.707989
0.707458
0.706983
0.706563
0.706196
0.705884
0.705626
0.705422
0.705269
0.705167
0.705116
0.705115
0.705162
0.705257
0.705399
0.705586
0.705817
0.706091
0.706406
0.706761
0.707155
0.707587
0.708055
0.708558
0.709093
0.70966
0.710257
0.710881
0.711531
0.712206
0.712905
0.713627
0.714369
0.715132
0.715913
0.716712
0.717529
0.718362
0.71921
0.720073
0.72095
0.72184
0.722742
0.723658
0.724587
0.725527
0.726478
0.727441
0.728416
0.729403
0.730402
0.731414
0.732437
0.733473
0.734522
0.735584
0.736662
0.737755
0.738862
0.739984
0.741122
0.742275
0.743446
0.744633
0.745838
0.747061
0.748301
0.74956
0.750839
0.752137
0.753454
0.754791
0.756147
0.757524
0.758921
0.760339
0.761776
0.763232
0.764707
0.766201
0.767714
0.769244
0.770791
0.772355
0.773934
0.775528
0.777136
0.778756
0.780387
0.782028
0.783679
0.785336
0.787001
0.788672
0.790345
0.792019
0.793692
0.795363
0.797031
0.798695
0.800351
0.801998
0.803634
0.805257
0.806863
0.80845
0.810018
0.811564
0.813086
0.814582
0.816051
0.81749
0.818897
0.82027
0.821609
0.822912
0.824176
0.825401
0.826585
0.827726
0.828824
0.829877
0.830884
0.831846
0.832762
0.83363
0.834448
0.835218
0.835938
0.836609
0.837228
0.837797
0.838315
0.838782
0.8392
0.839567
0.839884
0.840153
0.840375
0.840549
0.840677
0.84076
0.840798
0.840792
0.840743
0.840654
0.840525
0.840357
0.840153
0.839913
0.839638
0.83933
0.838992
0.838625
0.838229
0.837808
0.837361
0.83689
0.836397
0.835883
0.835351
0.834803
0.83424
0.833662
0.833072
0.832473
0.831864
0.831249
0.830627
0.830001
0.829372
0.828739
0.828105
0.82747
0.826836
0.826203
0.825573
0.824946
0.824324
0.823707
0.823096
0.822493
0.821896
0.821309
0.820732
0.820165
0.819609
0.819063
0.818529
0.818006
0.817495
0.816996
0.81651
0.816038
0.815579
0.815136
0.814706
0.81429
0.813889
0.813502
0.81313
0.812773
0.812433
0.812108
0.8118
0.811507
0.811232
0.810974
0.810732
0.810508
0.810302
0.810116
0.809949
0.8098
0.809671
0.809562
0.809474
0.809408
0.809365
0.809344
0.809346
0.809373
0.809426
0.809506
0.809615
0.809752
0.809919
0.810117
0.810346
0.810608
0.810904
0.811235
0.811603
0.812008
0.812451
0.812933
0.813456
0.81402
0.814626
0.815275
0.815969
0.816708
0.817493
0.818325
0.819205
0.820133
0.821109
0.822133
0.823204
0.824322
0.825487
0.826699
0.827957
0.82926
0.830607
0.831997
0.833427
0.834897
0.836405
0.837949
0.839528
0.841138
0.842778
0.844444
0.846136
0.847849
0.849583
0.851333
0.853098
0.854874
0.856659
0.85845
0.860246
0.862041
0.863831
0.865616
0.867391
0.869153
0.870901
0.872632
0.874342
0.876029
0.87769
0.879324
0.880927
0.882499
0.884037
0.885539
0.887003
0.888428
0.889813
0.891155
0.892455
0.893712
0.894923
0.896089
0.897209
0.898282
0.899309
0.900288
0.901222
0.902109
0.90295
0.903744
0.904493
0.905197
0.905858
0.906476
0.907051
0.907584
0.908075
0.908527
0.908938
0.909311
0.909645
0.909942
0.910202
0.910427
0.910619
0.910778
0.910904
0.911
0.911066
0.911102
0.91111
0.911091
0.911045
0.910973
0.910877
0.910757
0.910613
0.910446
0.910259
0.910052
0.909825
0.909579
0.909315
0.909032
0.908732
0.908415
0.908083
0.907735
0.907373
0.906996
0.906607
0.906205
0.905791
0.905364
0.904925
0.904474
0.904012
0.903541
0.903059
0.902567
0.902066
0.901555
0.901035
0.900506
0.89997
0.899425
0.898871
0.898308
0.897737
0.897158
0.896571
0.895975
0.89537
0.894757
0.894134
0.893503
0.892862
0.892212
0.891551
0.89088
0.890197
0.889504
0.8888
0.888085
0.887357
0.886617
0.885864
0.885098
0.884316
0.883518
0.882704
0.881872
0.881022
0.880155
0.879271
0.878369
0.877449
0.87651
0.875552
0.874577
0.873582
0.87257
0.87154
0.870491
0.869426
0.868343
0.867245
0.86613
0.865002
0.86386
0.862705
0.861539
0.860361
0.859174
0.857978
0.856774
0.855563
0.854348
0.85313
0.85191
0.85069
0.849471
0.848255
0.847044
0.84584
0.844645
0.84346
0.842286
0.841126
0.839981
0.838854
0.837745
0.836658
0.835593
0.834551
0.833535
0.832544
0.831583
0.830652
0.829753
0.828886
0.828053
0.827255
0.826492
0.825766
0.825079
0.824431
0.823823
0.823256
0.822729
0.822245
0.821801
0.821399
0.821039
0.820721
0.820445
0.820211
0.820019
0.819867
0.819755
0.819683
0.819648
0.819651
0.81969
0.819765
0.819874
0.820016
0.82019
0.820395
0.82063
0.820892
0.82118
0.821493
0.821829
0.822188
0.822567
0.822966
0.823382
0.823814
0.824261
0.82472
0.825191
0.825671
0.826161
0.826659
0.827162
0.827669
0.82818
0.828695
0.829209
0.829723
0.830234
0.830743
0.831248
0.831748
0.832246
0.832738
0.833223
0.833702
0.834173
0.834637
0.835092
0.835539
0.835974
0.8364
0.836816
0.837221
0.837615
0.838
0.838374
0.838736
0.839086
0.839423
0.839747
0.840058
0.840356
0.840641
0.840912
0.841169
0.841413
0.841643
0.841859
0.842062
0.84225
0.842423
0.842581
0.842724
0.842852
0.842963
0.843059
0.843138
0.843201
0.843248
0.843277
0.84329
0.843284
0.843262
0.843222
0.843164
0.843087
0.842992
0.842877
0.842742
0.842586
0.842412
0.842217
0.842002
0.841765
0.841507
0.841228
0.840928
0.840607
0.840267
0.839905
0.839522
0.839117
0.83869
0.838241
0.837771
0.83728
0.836767
0.836234
0.83568
0.835105
0.834509
0.833893
0.833257
0.832602
0.831928
0.831236
0.830525
0.829798
0.829053
0.828292
0.827517
0.826727
0.825923
0.825106
0.824277
0.823437
0.822586
0.821727
0.820861
0.81999
0.819113
0.818233
0.81735
0.816466
0.815583
0.814701
0.81382
0.812943
0.812073
0.811208
0.810352
0.809506
0.80867
0.807848
0.807039
0.806245
0.805469
0.80471
0.803969
0.803249
0.80255
0.801874
0.801223
0.800597
0.799999
0.799427
0.798884
0.798369
0.797885
0.797433
0.797014
0.796628
0.796275
0.795957
0.795675
0.795429
0.795219
0.795047
0.794912
0.794815
0.794755
0.794735
0.794753
0.79481
0.794905
0.795038
0.79521
0.79542
0.795667
0.795951
0.796273
0.79663
0.797024
0.797452
0.797914
0.798411
0.798939
0.7995
0.800091
0.800713
0.801365
0.802046
0.802755
0.803492
0.804253
0.805037
0.805844
0.806672
0.807519
0.808385
0.809267
0.810166
0.811079
0.812007
0.812946
0.813896
0.814856
0.815823
0.816797
0.817778
0.818763
0.819752
0.820743
0.821736
0.822729
0.823721
0.824712
0.825701
0.826687
0.827669
0.828648
0.829621
0.830589
0.831552
0.832509
0.833459
0.834401
0.835334
0.836259
0.837174
0.838082
0.838981
0.839871
0.84075
0.841619
0.842477
0.843323
0.844159
0.844982
0.845794
0.846595
0.847386
0.848165
0.848933
0.84969
0.850435
0.851168
0.851891
0.852605
0.853308
0.854001
0.854683
0.855355
0.856014
0.856663
0.857299
0.857923
0.858535
0.859135
0.859724
0.860301
0.860865
0.861418
0.861958
0.862486
0.863002
0.863504
0.863992
0.864466
0.864925
0.86537
0.865799
0.866212
0.866607
0.866985
0.867345
0.867686
0.868007
0.868307
0.868586
0.868842
0.869075
0.869284
0.869468
0.869626
0.869759
0.869864
0.869941
0.869989
0.870007
0.869993
0.869948
0.869869
0.869756
0.869608
0.869425
0.869206
0.868951
0.868657
0.868325
0.867955
0.867547
0.867098
0.86661
0.866083
0.865516
0.86491
0.864264
0.863579
0.862854
0.86209
0.861286
0.860444
0.859564
0.858647
0.857694
0.856705
0.855679
0.854618
0.853522
0.852392
0.851231
0.85004
0.84882
0.847572
0.846295
0.844993
0.843666
0.842316
0.840943
0.83955
0.838139
0.836709
0.835264
0.833805
0.832333
0.830852
0.829362
0.827865
0.826361
0.824855
0.823348
0.821841
0.820337
0.818838
0.817345
0.815861
0.814389
0.812929
0.811484
0.810056
0.808647
0.807259
0.805894
0.804553
0.803239
0.801955
0.800702
0.799483
0.7983
0.797155
0.796049
0.794983
0.793958
0.792977
0.792042
0.791154
0.790313
0.789521
0.788779
0.788088
0.787451
0.786867
0.786338
0.785864
0.785448
0.785088
0.784787
0.784545
0.784362
0.784238
0.784173
0.784166
0.784218
0.784327
0.784495
0.78472
0.785002
0.785339
0.785731
0.786177
0.786676
0.787227
0.787829
0.78848
0.78918
0.789927
0.79072
0.791556
0.792435
0.793354
0.794313
0.795311
0.796344
0.797412
0.798512
0.799643
0.800803
0.80199
0.803203
0.804439
0.805698
0.806978
0.808276
0.809592
0.810923
0.812268
0.813627
0.814997
0.816377
0.817766
0.819162
0.820563
0.821968
0.823375
0.824784
0.826193
0.827602
0.829012
0.830419
0.831822
0.83322
0.834613
0.835998
0.837375
0.838742
0.8401
0.841446
0.842779
0.8441
0.845408
0.846702
0.84798
0.849242
0.850488
0.851716
0.852927
0.854121
0.855295
0.856451
0.857586
0.8587
0.859793
0.860864
0.861912
0.862938
0.863941
0.864922
0.86588
0.866813
0.867721
0.868603
0.86946
0.870291
0.871096
0.871875
0.872626
0.873351
0.87405
0.874723
0.875368
0.875985
0.876573
0.877134
0.877667
0.878171
0.878646
0.879091
0.879507
0.879894
0.880252
0.880581
0.88088
0.881149
0.881389
0.8816
0.881781
0.881934
0.882057
0.882152
0.88222
0.882259
0.882271
0.882256
0.882213
0.882143
0.882047
0.881928
0.881784
0.881614
0.881419
0.881199
0.880956
0.88069
0.880401
0.88009
0.879759
0.879406
0.879034
0.878644
0.878235
0.87781
0.87737
0.876914
0.876444
0.875961
0.875465
0.874955
0.874434
0.873901
0.873358
0.872805
0.872244
0.871676
0.871101
0.870521
0.869936
0.869348
0.868758
0.868167
0.867576
0.866986
0.866396
0.865809
0.865226
0.864646
0.864071
0.863502
0.862941
0.862389
0.861846
0.861313
0.860791
0.86028
0.859782
0.859296
0.858823
0.858365
0.85792
0.85749
0.857077
0.85668
0.8563
0.855937
0.855592
0.855264
0.854954
0.854662
0.854388
0.854133
0.853897
0.853681
0.853484
0.853308
0.853151
0.853013
0.852893
0.852791
0.852707
0.85264
0.85259
0.852558
0.852541
0.85254
0.852554
0.852583
0.852625
0.85268
0.852746
0.852823
0.85291
0.853007
0.853112
0.853225
0.853345
0.853471
0.853602
0.853737
0.853875
0.854014
0.854153
0.854291
0.854427
0.854561
0.854691
0.854816
0.854934
0.855045
0.855148
0.855239
0.855319
0.855386
0.855438
0.855473
0.855491
0.855491
0.855471
0.85543
0.855367
0.855279
0.855167
0.855028
0.854862
0.854668
0.854443
0.854188
0.8539
0.853581
0.853228
0.852842
0.852421
0.851965
0.851472
0.850942
0.850375
0.849771
0.849128
0.848449
0.847731
0.846977
0.846185
0.845357
0.844492
0.84359
0.842653
0.841681
0.840675
0.839636
0.838565
0.837461
0.836327
0.835164
0.833972
0.832753
0.831509
0.83024
0.828949
0.827636
0.826305
0.824955
0.823589
0.822208
0.820814
0.819408
0.817992
0.81657
0.815141
0.81371
0.812276
0.810842
0.80941
0.807981
0.806556
0.805139
0.80373
0.802333
0.800948
0.799576
0.79822
0.796882
0.795564
0.794266
0.792992
0.791742
0.790516
0.789317
0.788147
0.787006
0.785897
0.78482
0.783777
0.78277
0.781797
0.780862
0.779965
0.779107
0.778289
0.777511
0.776775
0.77608
0.77543
0.774824
0.774263
0.773746
0.773275
0.772851
0.772473
0.772141
0.771856
0.771619
0.771428
0.771284
0.771188
0.77114
0.77114
0.771187
0.77128
0.77142
0.771607
0.77184
0.772118
0.772439
0.772805
0.773214
0.773665
0.774158
0.774692
0.775264
0.775874
0.776523
0.777208
0.777927
0.77868
0.779465
0.78028
0.781123
0.781994
0.782891
0.783813
0.784758
0.785725
0.786713
0.787721
0.788748
0.789792
0.790851
0.791925
0.793012
0.794112
0.795223
0.796345
0.797478
0.798621
0.799773
0.800933
0.802101
0.803278
0.804463
0.805656
0.806857
0.808067
0.809286
0.810514
0.81175
0.812996
0.814252
0.815518
0.816794
0.81808
0.819376
0.820682
0.822
0.82333
0.824669
0.82602
0.82738
0.82875
0.83013
0.831518
0.832912
0.834313
0.835718
0.837127
0.838537
0.839946
0.841353
0.842756
0.844152
0.845538
0.846911
0.848271
0.849614
0.850936
0.852234
0.853506
0.854747
0.855955
0.857125
0.858257
0.859348
0.860392
0.861387
0.862331
0.86322
0.864053
0.864829
0.865542
0.866192
0.866776
0.867293
0.86774
0.868115
0.868418
0.868647
0.868802
0.868883
0.868887
0.868817
0.86867
0.868449
0.868153
0.867781
0.867335
0.866816
0.866225
0.865562
0.864832
0.864034
0.863171
0.862245
0.861258
0.860212
0.85911
0.857954
0.856748
0.855496
0.854199
0.852861
0.851486
0.850078
0.84864
0.847175
0.845687
0.844182
0.842664
0.841137
0.839603
0.838067
0.836532
0.835004
0.833487
0.831986
0.830505
0.829049
0.827622
0.826228
0.82487
0.823553
0.82228
0.821057
0.819887
0.818774
0.817722
0.816734
0.815813
0.814963
0.814189
0.813491
0.812874
0.81234
0.811891
0.81153
0.81126
0.811081
0.810997
0.811007
0.811113
0.811317
0.811618
0.812019
0.812517
0.813115
0.813811
0.814605
0.815497
0.816485
0.817569
0.818745
0.820014
0.821372
0.822819
0.82435
0.825964
0.827658
0.829429
0.831274
0.833192
0.835179
0.837231
0.839345
0.841518
0.843749
0.846031
0.848363
0.85074
0.853159
0.855615
0.858106
0.860628
0.863178
0.865751
0.868344
0.870953
0.873574
0.876204
0.87884
0.881478
0.884116
0.88675
0.889377
0.891993
0.894594
0.897178
0.89974
0.902279
0.904791
0.907275
0.909728
0.912146
0.914524
0.916862
0.919155
0.921401
0.923596
0.925738
0.927823
0.929851
0.931818
0.933723
0.935563
0.937335
0.939036
0.940665
0.94222
0.943699
0.945099
0.946418
0.947656
0.948809
0.949875
0.950855
0.951748
0.952551
0.953264
0.953885
0.954412
0.954845
0.955184
0.955428
0.955577
0.955631
0.955589
0.955451
0.955217
0.95489
0.954468
0.953952
0.953342
0.952638
0.951842
0.950955
0.949979
0.948914
0.947763
0.946527
0.945208
0.943808
0.942329
0.940773
0.939143
0.937439
0.935665
0.933823
0.931916
0.929946
0.927915
0.925825
0.923681
0.921484
0.919237
0.916943
0.914607
0.91223
0.909814
0.907364
0.904881
0.902368
0.899828
0.897263
0.894677
0.892072
0.88945
0.886815
0.884167
0.881511
0.878847
0.87618
0.873511
0.870842
0.868175
0.865512
0.862854
0.860204
0.857564
0.854936
0.85232
0.849718
0.847131
0.844562
0.842011
0.839479
0.836967
0.834476
0.832008
0.829564
0.827141
0.824743
0.822368
0.820018
0.817691
0.815388
0.81311
0.810857
0.808629
0.806426
0.804248
0.802095
0.799968
0.797865
0.795786
0.793733
0.791704
0.789701
0.787722
0.785767
0.783836
0.781929
0.780046
0.778185
0.776346
0.77453
0.772735
0.770962
0.76921
0.76748
0.76577
0.764081
0.762412
0.760763
0.759134
0.757525
0.755936
0.754366
0.752815
0.751284
0.749772
0.748278
0.746805
0.745352
0.74392
0.742509
0.741118
0.739748
0.738399
0.737073
0.735768
0.734487
0.73323
0.731996
0.730787
0.729603
0.728444
0.727312
0.726209
0.725135
0.72409
0.723075
0.722093
0.721144
0.720228
0.719346
0.718501
0.717694
0.716926
0.716198
0.715511
0.714866
0.714264
0.713708
0.713197
0.712734
0.71232
0.711957
0.711646
0.711387
0.711182
0.711032
0.710939
0.710904
0.710927
0.711009
0.711152
0.711356
0.711622
0.711951
0.712344
0.712802
0.713325
0.713913
0.714568
0.71529
0.716079
0.716936
0.717859
0.71885
0.719908
0.721034
0.722227
0.723487
0.724813
0.726206
0.727665
0.729188
0.730776
0.732426
0.734139
0.735914
0.737749
0.739645
0.741599
0.743611
0.745679
0.747801
0.749976
0.752203
0.754481
0.756808
0.759182
0.761603
0.764067
0.766574
0.769122
0.771709
0.774333
0.776992
0.779683
0.782407
0.78516
0.787941
0.790747
0.793578
0.796432
0.799305
0.802198
0.805107
0.808031
0.810969
0.813918
0.816877
0.819845
0.82282
0.825799
0.828782
0.831767
0.834754
0.83774
0.840724
0.843705
0.846681
0.849651
0.852612
0.855563
0.858502
0.861428
0.864339
0.867234
0.87011
0.872967
0.875803
0.878616
0.881405
0.884167
0.886901
0.889607
0.892281
0.894923
0.89753
0.900102
0.902636
0.90513
0.907583
0.909993
0.912358
0.914677
0.916949
0.919172
0.921344
0.923464
0.925531
0.927543
0.929499
0.931396
0.933233
0.935009
0.936722
0.938373
0.93996
0.941481
0.942936
0.944323
0.945641
0.946889
0.948066
0.949173
0.950207
0.95117
0.952059
0.952873
0.953612
0.954275
0.954861
0.955371
0.955803
0.956158
0.956434
0.956631
0.956748
0.956787
0.956746
0.956625
0.956423
0.95614
0.955777
0.955333
0.954809
0.954206
0.953522
0.952759
0.951918
0.950998
0.949999
0.948921
0.947766
0.946534
0.945225
0.943841
0.942382
0.94085
0.939246
0.937571
0.935825
0.934012
0.932133
0.93019
0.928184
0.926118
0.923993
0.921813
0.919579
0.917296
0.914966
0.912591
0.910176
0.907724
0.905239
0.902723
0.900182
0.89762
0.89504
0.892446
0.889844
0.887237
0.884629
0.882025
0.879429
0.876844
0.874276
0.871729
0.869206
0.86671
0.864246
0.861816
0.859423
0.857068
0.854754
0.852483
0.850257
0.848078
0.845946
0.843859
0.841819
0.839825
0.837877
0.835974
0.834114
0.832295
0.830514
0.828771
0.827063
0.825388
0.82374
0.822119
0.82052
0.818942
0.817383
0.815839
0.814308
0.812788
0.811277
0.809771
0.808269
0.806767
0.805266
0.803762
0.802257
0.800748
0.799235
0.797718
0.796195
0.794666
0.793133
0.791595
0.790052
0.788507
0.786957
0.785406
0.783854
0.782301
0.780751
0.779206
0.777666
0.776134
0.774611
0.773099
0.771602
0.770121
0.768657
0.767212
0.765791
0.764396
0.763028
0.76169
0.760384
0.759112
0.757877
0.75668
0.755524
0.754412
0.753345
0.752327
0.751359
0.750442
0.749579
0.748771
0.74802
0.747326
0.746691
0.746118
0.745608
0.74516
0.744776
0.744456
0.744202
0.744013
0.74389
0.743833
0.743843
0.743919
0.744061
0.74427
0.744544
0.744884
0.745289
0.745758
0.74629
0.746884
0.74754
0.748255
0.749028
0.749859
0.750745
0.751686
0.752679
0.753722
0.754815
0.755954
0.757139
0.758366
0.759634
0.760941
0.762284
0.763661
0.76507
0.76651
0.767977
0.769471
0.770989
0.77253
0.774091
0.775671
0.777266
0.778876
0.780498
0.78213
0.783771
0.785419
0.787073
0.788731
0.790392
0.792054
0.793715
0.795376
0.797033
0.798686
0.800334
0.801975
0.80361
0.805236
0.806854
0.808464
0.810064
0.811655
0.813236
0.814807
0.816367
0.817916
0.819455
0.820984
0.822503
0.824014
0.825515
0.827009
0.828494
0.829973
0.831445
0.832911
0.834371
0.835825
0.837275
0.838722
0.840166
0.841607
0.843045
0.844482
0.845915
0.847346
0.848776
0.850203
0.85163
0.853057
0.854482
0.855906
0.857329
0.85875
0.86017
0.861589
0.863007
0.864422
0.865834
0.867242
0.868647
0.870046
0.87144
0.872826
0.874204
0.875572
0.87693
0.878275
0.879606
0.880921
0.882219
0.883499
0.884758
0.885996
0.887209
0.888396
0.889557
0.890691
0.891793
0.892864
0.893901
0.894902
0.895866
0.89679
0.897673
0.898514
0.899311
0.900062
0.900768
0.901425
0.902033
0.90259
0.903096
0.90355
0.90395
0.904294
0.904582
0.904812
0.904984
0.905096
0.905148
0.905141
0.905072
0.904941
0.904749
0.904494
0.904176
0.903796
0.903353
0.902848
0.902279
0.901647
0.900953
0.900197
0.89938
0.898503
0.897566
0.89657
0.895516
0.894405
0.893239
0.892017
0.890743
0.889418
0.888041
0.886616
0.885146
0.883631
0.882074
0.880478
0.878843
0.877172
0.875468
0.873734
0.871973
0.870186
0.868376
0.866547
0.864702
0.862844
0.860977
0.859103
0.857226
0.855349
0.853476
0.851611
0.849757
0.847918
0.846096
0.844297
0.842524
0.840779
0.839067
0.837392
0.835757
0.834166
0.832622
0.831128
0.829686
0.828299
0.82697
0.825701
0.824495
0.823355
0.822281
0.821275
0.820338
0.819472
0.818679
0.817959
0.817312
0.816739
0.81624
0.815815
0.815462
0.815181
0.814971
0.814831
0.814758
0.814753
0.814812
0.814935
0.815119
0.815363
0.815663
0.816018
0.816425
0.81688
0.817382
0.817926
0.818509
0.819127
0.819779
0.82046
0.821168
0.821899
0.822649
0.823416
0.824197
0.824988
0.825787
0.82659
0.827395
0.828198
0.828997
0.82979
0.830573
0.831346
0.832105
0.83285
0.833577
0.834285
0.834973
0.835639
0.836282
0.836902
0.837497
0.838068
0.838613
0.839133
0.839626
0.840093
0.840533
0.840947
0.841336
0.8417
0.84204
0.842356
0.842651
0.842925
0.843181
0.843419
0.843641
0.843849
0.844043
0.844227
0.844402
0.844569
0.844731
0.84489
0.845048
0.845206
0.845367
0.845533
0.845704
0.845885
0.846075
0.846276
0.846491
0.84672
0.846965
0.847226
0.847504
0.847801
0.848117
0.848454
0.848812
0.849191
0.849591
0.850013
0.850456
0.850921
0.851408
0.851916
0.852445
0.852993
0.853559
0.854144
0.854746
0.855363
0.855994
0.85664
0.8573
0.857971
0.858653
0.859342
0.860038
0.86074
0.861446
0.862154
0.862865
0.863577
0.864288
0.864998
0.865705
0.866408
0.867107
0.8678
0.868485
0.869163
0.869831
0.870489
0.871136
0.871772
0.872396
0.873006
0.873602
0.874183
0.874746
0.875293
0.875821
0.87633
0.876818
0.877285
0.877731
0.878154
0.878554
0.878932
0.879285
0.879611
0.87991
0.88018
0.880422
0.880632
0.880812
0.880959
0.881074
0.881156
0.881202
0.881213
0.881186
0.881122
0.88102
0.880878
0.880698
0.880477
0.880214
0.879909
0.879561
0.879172
0.878739
0.87826
0.877738
0.87717
0.876558
0.8759
0.875196
0.874447
0.873653
0.872815
0.871931
0.871004
0.870032
0.869017
0.867959
0.866859
0.865718
0.864538
0.863319
0.862062
0.860768
0.859441
0.858079
0.856684
0.855259
0.853806
0.852325
0.850817
0.849284
0.847729
0.846152
0.844557
0.842945
0.841318
0.839678
0.838027
0.836367
0.8347
0.833029
0.831355
0.82968
0.828008
0.82634
0.82468
0.823029
0.821389
0.819761
0.81815
0.816555
0.814981
0.813429
0.811901
0.810397
0.80892
0.807471
0.806052
0.804664
0.803309
0.801988
0.800702
0.799452
0.798241
0.797068
0.795934
0.794842
0.793791
0.792782
0.791816
0.790894
0.790015
0.789179
0.788387
0.787639
0.786934
0.786272
0.785652
0.785075
0.784539
0.784044
0.783591
0.783177
0.782803
0.782467
0.782168
0.781906
0.781679
0.781486
0.781327
0.7812
0.781104
0.781037
0.780999
0.780989
0.781005
0.781046
0.78111
0.781197
0.781306
0.781436
0.781585
0.781752
0.781936
0.782137
0.782353
0.782584
0.782828
0.783084
0.783352
0.783631
0.783919
0.784217
0.784523
0.784839
0.785165
0.785498
0.785839
0.786187
0.78654
0.786899
0.787264
0.787633
0.788008
0.788388
0.788772
0.78916
0.789552
0.789949
0.790349
0.790753
0.79116
0.79157
0.791984
0.792403
0.792824
0.793248
0.793675
0.794104
0.794534
0.794966
0.7954
0.795835
0.796271
0.796708
0.797146
0.797584
0.798022
0.798459
0.798894
0.799326
0.799755
0.80018
0.800601
0.801018
0.801429
0.801834
0.802233
0.802624
0.803008
0.803382
0.803747
0.804103
0.804448
0.804781
0.805101
0.805408
0.8057
0.805977
0.806238
0.806483
0.806712
0.806923
0.807117
0.807291
0.807445
0.80758
0.807695
0.807789
0.807861
0.807912
0.807941
0.807948
0.807932
0.807893
0.807829
0.807741
0.807629
0.807491
0.807328
0.807138
0.806923
0.806681
0.806413
0.80612
0.805801
0.805456
0.805085
0.804688
0.804266
0.803818
0.803346
0.80285
0.80233
0.801788
0.801224
0.800639
0.800034
0.79941
0.798768
0.798109
0.797436
0.796748
0.796047
0.795334
0.794611
0.793879
0.793141
0.792397
0.79165
0.790901
0.790154
0.789407
0.788665
0.787929
0.787201
0.786481
0.785771
0.785074
0.784391
0.783726
0.783079
0.782453
0.78185
0.78127
0.780716
0.780189
0.779692
0.779224
0.778789
0.778387
0.778021
0.777692
0.777401
0.777148
0.776934
0.776763
0.776633
0.776546
0.776503
0.776504
0.776549
0.776639
0.776774
0.776954
0.777179
0.77745
0.777766
0.778128
0.778534
0.778986
0.779482
0.780022
0.780605
0.781231
0.781899
0.782606
0.783352
0.784137
0.784959
0.785817
0.786709
0.787633
0.788589
0.789574
0.790586
0.791624
0.792687
0.793772
0.794877
0.796002
0.797143
0.798299
0.799468
0.800647
0.801837
0.803034
0.804236
0.805442
0.806649
0.807855
0.809058
0.810257
0.81145
0.812636
0.813812
0.814976
0.816126
0.817261
0.818379
0.81948
0.820561
0.821621
0.82266
0.823676
0.824669
0.825637
0.826581
0.8275
0.828393
0.829261
0.830101
0.830915
0.831702
0.832463
0.833197
0.833905
0.834587
0.835243
0.835874
0.836479
0.83706
0.837618
0.838154
0.838669
0.839163
0.839636
0.840091
0.840529
0.840951
0.841358
0.841751
0.842132
0.842503
0.842864
0.843217
0.843564
0.843905
0.844243
0.844578
0.844912
0.845247
0.845584
0.845922
0.846265
0.846612
0.846967
0.84733
0.847702
0.848085
0.848478
0.848884
0.849305
0.849741
0.850193
0.850661
0.851145
0.851646
0.852164
0.852702
0.853259
0.853835
0.85443
0.855045
0.85568
0.856337
0.857015
0.857715
0.858439
0.859186
0.859955
0.860747
0.861562
0.862399
0.863258
0.86414
0.865043
0.865966
0.866911
0.867875
0.868859
0.869862
0.870881
0.871918
0.87297
0.874037
0.875118
0.876212
0.877316
0.87843
0.879553
0.880683
0.881818
0.882955
0.884093
0.885229
0.886361
0.887489
0.88861
0.889721
0.890819
0.891902
0.892968
0.894014
0.89504
0.896042
0.897019
0.897968
0.898889
0.899776
0.900629
0.901444
0.90222
0.902954
0.903645
0.904291
0.904889
0.905439
0.905937
0.906384
0.906777
0.907117
0.9074
0.907626
0.907793
0.907901
0.907949
0.907936
0.907862
0.907725
0.907527
0.907266
0.906943
0.906559
0.906112
0.905604
0.905036
0.904408
0.903721
0.902976
0.902175
0.901318
0.900406
0.899442
0.898426
0.897362
0.89625
0.895094
0.893895
0.892656
0.891381
0.890071
0.88873
0.887359
0.885962
0.884543
0.883104
0.881648
0.880181
0.878705
0.877225
0.875742
0.87426
0.872785
0.871317
0.869862
0.868423
0.867002
0.865604
0.86423
0.862885
0.86157
0.86029
0.859048
0.857844
0.856683
0.855565
0.854494
0.853471
0.852498
0.851574
0.850701
0.849881
0.849113
0.848397
0.847734
0.847123
0.846565
0.846058
0.845603
0.845197
0.844839
0.844527
0.844262
0.844041
0.843862
0.843722
0.843619
0.84355
0.843514
0.843506
0.843526
0.843569
0.843635
0.84372
0.843821
0.843936
0.844061
0.844195
0.844333
0.844474
0.844615
0.844755
0.844891
0.84502
0.845138
0.845245
0.845338
0.845416
0.845476
0.845517
0.845538
0.845537
0.845512
0.845461
0.845384
0.84528
0.845147
0.844985
0.844793
0.84457
0.844317
0.844031
0.843713
0.843362
0.84298
0.842565
0.842118
0.841638
0.841128
0.840586
0.840013
0.839409
0.838776
0.838114
0.837423
0.836704
0.835957
0.835183
0.834384
0.83356
0.832712
0.831842
0.830951
0.83004
0.829111
0.828165
0.827204
0.82623
0.825242
0.824243
0.823233
0.822214
0.821189
0.820157
0.819121
0.818082
0.81704
0.815999
0.81496
0.813925
0.812894
0.811869
0.810851
0.809842
0.808843
0.807856
0.806881
0.80592
0.804974
0.804045
0.803134
0.802243
0.801372
0.800521
0.799692
0.798886
0.798102
0.797342
0.796606
0.795894
0.795206
0.794545
0.793911
0.793302
0.79272
0.792163
0.791634
0.791132
0.790658
0.79021
0.78979
0.789395
0.789028
0.788688
0.788374
0.788086
0.787826
0.787592
0.787384
0.787202
0.787045
0.786914
0.786809
0.786728
0.786674
0.786644
0.78664
0.786662
0.786708
0.78678
0.786876
0.786997
0.787143
0.787316
0.787514
0.787736
0.787983
0.788254
0.788549
0.788867
0.78921
0.789576
0.789966
0.790381
0.790819
0.791282
0.791769
0.79228
0.792816
0.793377
0.793964
0.794575
0.79521
0.795869
0.796551
0.797258
0.797988
0.79874
0.799514
0.800312
0.801132
0.801974
0.802838
0.803724
0.804633
0.805563
0.806513
0.807484
0.808475
0.809486
0.810517
0.811566
0.812635
0.813724
0.814832
0.815957
0.817098
0.818256
0.819428
0.820615
0.821816
0.823032
0.824261
0.825501
0.826751
0.828012
0.829281
0.830557
0.83184
0.833128
0.83442
0.835717
0.837015
0.838314
0.839612
0.840909
0.842202
0.84349
0.844772
0.846047
0.847312
0.848567
0.849809
0.851038
0.852252
0.85345
0.854632
0.855795
0.856937
0.858057
0.859154
0.860225
0.861269
0.862286
0.863273
0.864229
0.865153
0.866045
0.866902
0.867724
0.868508
0.869255
0.869963
0.870631
0.871258
0.871842
0.872382
0.872879
0.873331
0.873739
0.8741
0.874415
0.874682
0.874901
0.87507
0.875189
0.875259
0.875279
0.875249
0.875169
0.875039
0.874859
0.874628
0.874347
0.874016
0.873635
0.873206
0.872729
0.872205
0.871633
0.871016
0.870352
0.869642
0.868887
0.868087
0.867244
0.86636
0.865436
0.864472
0.863471
0.862431
0.861355
0.860244
0.859101
0.857926
0.856722
0.855489
0.85423
0.852944
0.851633
0.8503
0.848944
0.847569
0.846174
0.844763
0.843337
0.841898
0.840448
0.838987
0.837518
0.836043
0.834564
0.833082
0.831598
0.830115
0.828635
0.827159
0.825688
0.824225
0.82277
0.821327
0.819896
0.818479
0.817077
0.815692
0.814326
0.812979
0.811655
0.810354
0.809078
0.807828
0.806605
0.805411
0.804247
0.803114
0.802013
0.800945
0.799912
0.798915
0.797955
0.797032
0.796147
0.7953
0.794491
0.79372
0.79299
0.792299
0.79165
0.791043
0.790476
0.78995
0.789464
0.789017
0.788611
0.788245
0.787917
0.787628
0.787377
0.787163
0.786986
0.786844
0.786737
0.786665
0.786626
0.78662
0.786645
0.7867
0.786784
0.786896
0.787035
0.787199
0.787389
0.787602
0.787838
0.788095
0.788373
0.788669
0.788983
0.789312
0.789657
0.790016
0.790389
0.790775
0.791171
0.791578
0.791994
0.79242
0.792854
0.793295
0.793743
0.794197
0.794658
0.795125
0.795595
0.796069
0.796545
0.797023
0.797504
0.797985
0.798469
0.798956
0.799444
0.799934
0.800424
0.800914
0.801404
0.801896
0.802387
0.802879
0.803371
0.803863
0.804355
0.804847
0.805337
0.805828
0.806317
0.806805
0.807292
0.807779
0.808265
0.808752
0.809238
0.809723
0.810208
0.810692
0.811175
0.811657
0.812139
0.81262
0.813103
0.813586
0.814071
0.814558
0.815046
0.815535
0.816026
0.81652
0.817015
0.817514
0.818017
0.818525
0.819036
0.819552
0.820074
0.820604
0.82114
0.821683
0.822233
0.82279
0.823353
0.823924
0.824501
0.825086
0.825678
0.826277
0.826883
0.827494
0.828112
0.828738
0.829369
0.830005
0.830644
0.831286
0.831931
0.832577
0.833224
0.833872
0.834518
0.835161
0.835801
0.836436
0.837065
0.837687
0.838301
0.838904
0.839495
0.840074
0.840638
0.841186
0.841717
0.842231
0.842726
0.843199
0.843649
0.844075
0.844475
0.844848
0.845192
0.845506
0.845788
0.84604
0.84626
0.846446
0.846596
0.846711
0.846789
0.846829
0.84683
0.846792
0.846714
0.846595
0.846438
0.846239
0.846
0.845719
0.845396
0.845032
0.844627
0.844182
0.843696
0.84317
0.842604
0.842001
0.841359
0.840679
0.839963
0.839213
0.838427
0.837608
0.836757
0.835876
0.834966
0.834027
0.833062
0.832071
0.831056
0.830019
0.828961
0.827884
0.82679
0.825679
0.824555
0.823418
0.82227
0.821114
0.81995
0.818781
0.817608
0.816435
0.815262
0.814091
0.812924
0.811763
0.81061
0.809468
0.808336
0.807218
0.806115
0.805029
0.803961
0.802914
0.80189
0.80089
0.799917
0.798974
0.798061
0.797179
0.796332
0.795521
0.794747
0.794012
0.793318
0.792667
0.792062
0.791503
0.790993
0.790534
0.790126
0.789772
0.789476
0.789235
0.789052
0.788927
0.788864
0.788862
0.788922
0.789046
0.789234
0.789487
0.789806
0.79019
0.79064
0.791157
0.791741
0.792391
0.793107
0.793889
0.794737
0.795649
0.796625
0.797662
0.798762
0.799923
0.801142
0.802419
0.803752
0.805137
0.806574
0.808059
0.809591
0.811167
0.812785
0.814443
0.816139
0.817869
0.819633
0.821426
0.823247
0.825094
0.826962
0.828851
0.830756
0.832675
0.834607
0.836548
0.838496
0.840449
0.842405
0.844363
0.846318
0.84827
0.850217
0.852157
0.854087
0.856008
0.857917
0.859813
0.861695
0.86356
0.865408
0.867237
0.869047
0.870834
0.8726
0.874343
0.876063
0.877758
0.879429
0.881073
0.88269
0.88428
0.885842
0.887377
0.888883
0.890359
0.891804
0.893219
0.894605
0.895961
0.897285
0.898577
0.899836
0.901061
0.902254
0.903414
0.90454
0.905632
0.906689
0.907709
0.908695
0.909645
0.910559
0.911436
0.912275
0.913078
0.913843
0.914569
0.915255
0.9159
0.916506
0.917071
0.917595
0.918077
0.918516
0.918912
0.919264
0.91957
0.919832
0.920048
0.920217
0.920338
0.920411
0.920435
0.92041
0.920334
0.920207
0.920029
0.919799
0.919516
0.919179
0.918788
0.918341
0.917839
0.917281
0.916666
0.915995
0.915266
0.914481
0.913638
0.912736
0.911777
0.910759
0.909682
0.908546
0.907351
0.906096
0.904782
0.903408
0.901976
0.900487
0.89894
0.897336
0.895675
0.893958
0.892185
0.890356
0.888473
0.886535
0.884545
0.882501
0.880406
0.878261
0.876066
0.873823
0.871533
0.869197
0.866817
0.864397
0.861936
0.859437
0.8569
0.854327
0.85172
0.849081
0.846412
0.843715
0.840993
0.838248
0.835482
0.832698
0.829897
0.827084
0.82426
0.821429
0.818593
0.815757
0.812923
0.810093
0.807273
0.804464
0.801673
0.7989
0.796148
0.793422
0.790725
0.788061
0.785433
0.782846
0.780302
0.777805
0.77536
0.772971
0.770641
0.768373
0.766172
0.764041
0.761985
0.760006
0.758107
0.756292
0.754563
0.752925
0.751381
0.749934
0.748584
0.747336
0.746191
0.745149
0.744213
0.743385
0.742665
0.742053
0.741551
0.741161
0.740881
0.740709
0.740646
0.740691
0.740843
0.741099
0.741456
0.741914
0.74247
0.743121
0.743864
0.744695
0.745613
0.746612
0.747687
0.748834
0.750051
0.751331
0.752671
0.754067
0.755512
0.757003
0.758534
0.760103
0.761703
0.763329
0.764979
0.766647
0.768329
0.770022
0.771721
0.773423
0.775125
0.776823
0.778514
0.780195
0.781863
0.783514
0.785148
0.786762
0.788354
0.789923
0.791467
0.792985
0.794475
0.795938
0.797371
0.798775
0.800148
0.801491
0.802804
0.804086
0.805339
0.806561
0.807754
0.808917
0.810053
0.811162
0.812245
0.813302
0.814337
0.815349
0.816339
0.817308
0.818259
0.819191
0.820108
0.821009
0.821897
0.822773
0.823638
0.824493
0.825341
0.826182
0.827019
0.827851
0.82868
0.829509
0.830339
0.831169
0.832002
0.832838
0.83368
0.834527
0.835381
0.83624
0.837107
0.837981
0.838863
0.839753
0.840651
0.841559
0.842475
0.843401
0.844337
0.845282
0.846236
0.847198
0.848168
0.849145
0.85013
0.85112
0.852117
0.853118
0.854124
0.855134
0.856145
0.857157
0.858169
0.859179
0.860186
0.861186
0.86218
0.863167
0.864146
0.865114
0.866069
0.86701
0.867936
0.868844
0.869733
0.870601
0.871446
0.872266
0.873061
0.873828
0.874566
0.875273
0.875946
0.876585
0.877187
0.877752
0.878277
0.878762
0.879205
0.879605
0.87996
0.880269
0.88053
0.880743
0.880905
0.881017
0.881076
0.881082
0.881034
0.880932
0.880774
0.88056
0.880292
0.879967
0.879587
0.87915
0.878657
0.878107
0.877502
0.87684
0.876123
0.875352
0.874527
0.873647
0.872715
0.87173
0.870693
0.869608
0.868474
0.867293
0.866065
0.864792
0.863476
0.862117
0.860718
0.85928
0.857806
0.856297
0.854756
0.853184
0.851584
0.849958
0.848311
0.846643
0.844956
0.843251
0.841532
0.839801
0.838059
0.836309
0.834554
0.832796
0.831039
0.829283
0.827532
0.825788
0.824054
0.822332
0.820625
0.818935
0.817265
0.815618
0.813995
0.8124
0.810835
0.809302
0.807802
0.806337
0.80491
0.803521
0.802174
0.80087
0.79961
0.798397
0.797232
0.796118
0.795056
0.794046
0.793091
0.792191
0.791346
0.790559
0.789829
0.789159
0.788548
0.787996
0.787503
0.787071
0.786698
0.786386
0.786134
0.785941
0.785808
0.785735
0.78572
0.785763
0.785862
0.786017
0.786226
0.786488
0.786802
0.787168
0.787582
0.788045
0.788554
0.789107
0.789704
0.790341
0.791018
0.791731
0.79248
0.793261
0.794074
0.794915
0.795783
0.796677
0.797593
0.798531
0.799486
0.800458
0.801444
0.802443
0.803452
0.804469
0.805493
0.806521
0.807553
0.808587
0.809621
0.810654
0.811684
0.812709
0.813728
0.81474
0.815742
0.816734
0.817715
0.818683
0.819638
0.82058
0.821508
0.822421
0.823317
0.824196
0.825057
0.825899
0.826722
0.827526
0.828312
0.829078
0.829825
0.830552
0.831259
0.831946
0.832613
0.833258
0.833883
0.834487
0.835071
0.835636
0.836181
0.836707
0.837213
0.837699
0.838166
0.838614
0.839045
0.839457
0.839853
0.840233
0.840597
0.840948
0.841285
0.841611
0.841924
0.842226
0.842519
0.842803
0.843079
0.843348
0.843612
0.843871
0.844127
0.844382
0.844638
0.844895
0.845154
0.845418
0.845687
0.845962
0.846245
0.846535
0.846835
0.847146
0.847469
0.847803
0.848149
0.848509
0.848883
0.849272
0.849675
0.850095
0.850533
0.850987
0.851457
0.851942
0.852443
0.852959
0.85349
0.854036
0.854596
0.855169
0.855752
0.856346
0.85695
0.857563
0.858183
0.858809
0.859439
0.860073
0.860707
0.861342
0.861975
0.862605
0.86323
0.863849
0.864461
0.865063
0.865653
0.866231
0.866796
0.867345
0.867878
0.868391
0.868884
0.869356
0.869804
0.870228
0.870626
0.870997
0.871339
0.871653
0.871938
0.872192
0.872415
0.872606
0.872764
0.872888
0.872977
0.873031
0.87305
0.873033
0.872979
0.872887
0.872757
0.872588
0.87238
0.872134
0.87185
0.871529
0.871169
0.87077
0.870332
0.869853
0.869335
0.868777
0.868181
0.867547
0.866874
0.866163
0.865415
0.864632
0.863812
0.862957
0.862068
0.861145
0.860189
0.859203
0.858185
0.857138
0.856062
0.854958
0.853828
0.852671
0.851491
0.850288
0.849065
0.847823
0.846562
0.845286
0.843995
0.84269
0.841374
0.840049
0.838716
0.837379
0.836039
0.834697
0.833355
0.832015
0.830681
0.829353
0.828036
0.82673
0.825438
0.824161
0.822903
0.821665
0.820449
0.819257
0.818093
0.816958
0.815856
0.814786
0.813753
0.812757
0.811801
0.810886
0.810015
0.80919
0.808412
0.807684
0.807007
0.806382
0.80581
0.805292
0.80483
0.804425
0.804077
0.803787
0.803554
0.803381
0.803266
0.803212
0.803219
0.803286
0.803412
0.803596
0.803837
0.804135
0.804488
0.804896
0.805358
0.805871
0.806437
0.807053
0.807718
0.808431
0.809191
0.809995
0.810842
0.811729
0.812655
0.813617
0.814615
0.815645
0.816708
0.817801
0.818923
0.820071
0.821245
0.822443
0.823659
0.824894
0.826145
0.827412
0.82869
0.82998
0.831278
0.832584
0.833895
0.83521
0.836527
0.837844
0.839159
0.84047
0.841776
0.843075
0.844366
0.845647
0.846916
0.848173
0.849416
0.850644
0.851855
0.853048
0.854221
0.855373
0.856504
0.85761
0.858691
0.859747
0.860776
0.861779
0.862755
0.8637
0.864614
0.865496
0.866345
0.867158
0.867936
0.868677
0.869382
0.87005
0.87068
0.87127
0.87182
0.872329
0.872796
0.87322
0.873602
0.87394
0.874232
0.874478
0.874679
0.874834
0.874941
0.874999
0.875009
0.87497
0.874882
0.874744
0.874555
0.874317
0.874029
0.873691
0.873304
0.872865
0.872377
0.871839
0.871252
0.870616
0.869931
0.869198
0.868415
0.867585
0.866709
0.865787
0.86482
0.86381
0.862758
0.861663
0.860528
0.859354
0.858143
0.856897
0.855616
0.854302
0.852957
0.851581
0.850177
0.848745
0.847288
0.845808
0.844305
0.842782
0.84124
0.839681
0.838109
0.836525
0.834931
0.833328
0.83172
0.830108
0.828495
0.826883
0.825274
0.823668
0.822069
0.820478
0.818898
0.81733
0.815776
0.81424
0.812723
0.811227
0.809753
0.808303
0.806879
0.805484
0.80412
0.802787
0.801488
0.800226
0.799001
0.797816
0.796672
0.795572
0.794515
0.793503
0.792538
0.791621
0.790753
0.789936
0.789169
0.788454
0.787791
0.787181
0.786625
0.786123
0.785674
0.78528
0.784941
0.784654
0.784419
0.784237
0.784106
0.784027
0.783997
0.784016
0.784083
0.784197
0.784357
0.784561
0.784809
0.785098
0.785427
0.785794
0.786198
0.786637
0.787108
0.787611
0.788143
0.788703
0.789289
0.7899
0.790536
0.791192
0.791867
0.792559
0.793266
0.793989
0.794724
0.795471
0.796227
0.796991
0.79776
0.798535
0.799312
0.800092
0.800873
0.801654
0.802434
0.803213
0.80399
0.804763
0.805532
0.806296
0.807055
0.807808
0.808553
0.809291
0.810021
0.810742
0.811454
0.812156
0.812848
0.813531
0.814203
0.814864
0.815514
0.816153
0.816781
0.817396
0.817999
0.81859
0.819169
0.819736
0.82029
0.820832
0.821363
0.821881
0.822387
0.822881
0.823363
0.823832
0.824287
0.824731
0.825163
0.825581
0.825985
0.826377
0.826755
0.827119
0.827471
0.827809
0.828132
0.828442
0.828738
0.82902
0.829289
0.829543
0.829782
0.830006
0.830215
0.830409
0.830589
0.830755
0.830905
0.83104
0.831159
0.831263
0.831351
0.831423
0.831479
0.831518
0.831541
0.831548
0.831538
0.831511
0.831466
0.831405
0.831325
0.831227
0.83111
0.830975
0.830822
0.83065
0.830461
0.830253
0.830027
0.829782
0.829519
0.829238
0.82894
0.828622
0.828287
0.827935
0.827566
0.827181
0.826779
0.826363
0.825933
0.825489
0.825032
0.824565
0.824087
0.823599
0.823103
0.8226
0.822091
0.821579
0.821063
0.820547
0.820031
0.819518
0.81901
0.818508
0.818016
0.817534
0.817066
0.816613
0.816178
0.815764
0.815375
0.815012
0.814677
0.814374
0.814105
0.813873
0.813681
0.81353
0.813424
0.813365
0.813356
0.813399
0.813497
0.813651
0.813863
0.814136
0.814472
0.814873
0.81534
0.815873
0.816474
0.817142
0.817879
0.818684
0.819556
0.820497
0.821505
0.822581
0.823722
0.824929
0.826198
0.827527
0.828916
0.830364
0.831866
0.833421
0.835024
0.836675
0.838368
0.840101
0.84187
0.843673
0.845506
0.847365
0.849247
0.851147
0.85306
0.854983
0.85691
0.85884
0.860766
0.862686
0.864595
0.866489
0.868366
0.870221
0.872051
0.873852
0.875621
0.877356
0.879054
0.880711
0.882324
0.88389
0.885408
0.886875
0.888288
0.889645
0.890945
0.892186
0.893366
0.894483
0.895536
0.896524
0.897447
0.898303
0.899092
0.899812
0.900462
0.901042
0.901552
0.90199
0.902357
0.902654
0.902879
0.903034
0.903119
0.903133
0.903078
0.902953
0.90276
0.9025
0.902172
0.901778
0.901319
0.900797
0.900212
0.899565
0.898858
0.898093
0.897269
0.89639
0.895456
0.894468
0.893427
0.892336
0.891196
0.890009
0.888776
0.887498
0.886177
0.884816
0.883415
0.881976
0.8805
0.87899
0.877448
0.875875
0.874272
0.872642
0.870987
0.869307
0.867606
0.865885
0.864144
0.862386
0.860614
0.858826
0.857026
0.855214
0.853393
0.851565
0.84973
0.847891
0.846048
0.844202
0.842355
0.840508
0.838662
0.83682
0.834984
0.833152
0.831328
0.829512
0.827706
0.82591
0.824126
0.822354
0.820597
0.818854
0.817128
0.81542
0.813732
0.812064
0.81042
0.808799
0.807203
0.805634
0.804094
0.802584
0.801106
0.799663
0.798257
0.79689
0.795564
0.794281
0.793045
0.791856
0.790719
0.789635
0.788608
0.787639
0.786733
0.78589
0.785114
0.784408
0.783774
0.783215
0.782732
0.782327
0.782003
0.78176
0.781598
0.781521
0.781529
0.781622
0.7818
0.782064
0.782412
0.782843
0.783356
0.783951
0.784624
0.785374
0.786198
0.787093
0.788057
0.789085
0.790176
0.791325
0.792528
0.793782
0.795082
0.796424
0.797804
0.799217
0.800659
0.802126
0.803612
0.805113
0.806626
0.808147
0.809671
0.811196
0.812716
0.814231
0.815735
0.817227
0.818704
0.820164
0.821603
0.823019
0.824413
0.825781
0.827122
0.828434
0.829716
0.830968
0.832189
0.833379
0.834538
0.835664
0.836757
0.837816
0.838842
0.839836
0.840797
0.841726
0.842623
0.843489
0.844324
0.845129
0.845902
0.846646
0.847359
0.848043
0.848698
0.849325
0.849924
0.850495
0.851038
0.851554
0.852042
0.852504
0.85294
0.85335
0.853736
0.854096
0.854432
0.854743
0.855029
0.85529
0.855527
0.855741
0.855932
0.8561
0.856245
0.856368
0.856469
0.856546
0.856601
0.856635
0.856646
0.856636
0.856604
0.85655
0.856476
0.856381
0.856266
0.85613
0.855974
0.855799
0.855605
0.855394
0.855164
0.854917
0.854652
0.854372
0.854075
0.853764
0.853438
0.853098
0.852745
0.852381
0.852004
0.851616
0.851218
0.850809
0.85039
0.849963
0.849528
0.849085
0.848635
0.848179
0.847717
0.84725
0.846778
0.846301
0.84582
0.845336
0.844849
0.844359
0.843867
0.843372
0.842875
0.842376
0.841876
0.841374
0.840871
0.840366
0.839859
0.839351
0.83884
0.838328
0.837813
0.837295
0.836775
0.836252
0.835726
0.835197
0.834664
0.834127
0.833585
0.833039
0.832486
0.831928
0.831363
0.830793
0.830217
0.829634
0.829043
0.828445
0.82784
0.827226
0.826604
0.825973
0.825332
0.824684
0.824026
0.823359
0.822683
0.821997
0.821303
0.820601
0.819891
0.819173
0.818447
0.817714
0.816973
0.816225
0.815472
0.814714
0.813951
0.813182
0.812411
0.811636
0.810859
0.810081
0.809302
0.808523
0.807745
0.806969
0.806197
0.805429
0.804666
0.80391
0.80316
0.802419
0.801685
0.800962
0.800249
0.799548
0.798861
0.798188
0.79753
0.796887
0.796261
0.795653
0.795062
0.79449
0.793939
0.793407
0.792896
0.792409
0.791945
0.791504
0.791087
0.790696
0.790331
0.789991
0.789676
0.789386
0.789123
0.788885
0.788673
0.788488
0.788331
0.788201
0.788097
0.78802
0.78797
0.787946
0.787947
0.787974
0.788026
0.788103
0.788205
0.788331
0.78848
0.788652
0.788846
0.789062
0.789299
0.789556
0.789832
0.790128
0.790443
0.790775
0.791124
0.791489
0.791869
0.792262
0.792669
0.793088
0.793518
0.79396
0.79441
0.794869
0.795334
0.795805
0.79628
0.796759
0.797241
0.797725
0.79821
0.798695
0.799178
0.79966
0.800138
0.800613
0.801084
0.801549
0.802009
0.802462
0.802908
0.803346
0.803775
0.804195
0.804605
0.805005
0.805394
0.805772
0.806139
0.806493
0.806834
0.807163
0.807477
0.807777
0.808063
0.808335
0.808593
0.808837
0.809066
0.80928
0.809477
0.809659
0.809826
0.809977
0.810112
0.810231
0.810334
0.810422
0.810494
0.810549
0.810588
0.810611
0.810618
0.81061
0.810588
0.81055
0.810497
0.810429
0.810348
0.810253
0.810144
0.810023
0.809889
0.809743
0.809586
0.80942
0.809245
0.809063
0.808875
0.808682
0.808485
0.808286
0.808084
0.807881
0.807679
0.807482
0.807289
0.807102
0.806922
0.806749
0.806586
0.806434
0.806295
0.806169
0.806059
0.805964
0.805886
0.805827
0.805786
0.805765
0.805765
0.805786
0.80583
0.805896
0.805985
0.806097
0.806233
0.806392
0.806573
0.806776
0.807001
0.807247
0.807513
0.807799
0.808103
0.808424
0.808761
0.809114
0.809482
0.809862
0.810254
0.810657
0.81107
0.811494
0.811925
0.812363
0.812804
0.813249
0.813697
0.814145
0.814595
0.815044
0.815491
0.815936
0.816376
0.816813
0.817244
0.817669
0.818087
0.818497
0.818898
0.819291
0.819675
0.820048
0.820412
0.820764
0.821103
0.82143
0.821745
0.822046
0.822333
0.822604
0.82286
0.8231
0.823323
0.82353
0.82372
0.823893
0.824049
0.824186
0.824305
0.824405
0.824488
0.824552
0.824597
0.824623
0.824629
0.824617
0.824586
0.824537
0.824471
0.824387
0.824286
0.824168
0.824033
0.823882
0.823715
0.823533
0.823336
0.823126
0.822903
0.822667
0.822419
0.82216
0.821891
0.821613
0.821327
0.821034
0.820733
0.820429
0.82012
0.819809
0.819496
0.819182
0.818868
0.818555
0.818243
0.817933
0.817626
0.817325
0.817029
0.816739
0.816458
0.816185
0.815921
0.815665
0.815419
0.815183
0.814958
0.814745
0.814542
0.814351
0.814173
0.814008
0.813855
0.813715
0.813589
0.813475
0.813375
0.813287
0.813214
0.813153
0.813105
0.813069
0.813047
0.813036
0.813038
0.813052
0.813079
0.81312
0.813173
0.813236
0.813311
0.813396
0.813492
0.813598
0.813715
0.813842
0.813979
0.814126
0.814282
0.814447
0.814623
0.814808
0.815003
0.815206
0.81542
0.815643
0.815876
0.816119
0.816374
0.81664
0.816918
0.817208
0.817509
0.817823
0.818149
0.818487
0.818839
0.819206
0.819586
0.819981
0.820391
0.820818
0.821262
0.821724
0.822203
0.822702
0.823221
0.823759
0.824317
0.824896
0.825497
0.82612
0.826766
0.827436
0.828132
0.828852
0.829597
0.830366
0.831161
0.831981
0.832827
0.833699
0.834597
0.83552
0.836469
0.837442
0.83844
0.839463
0.840511
0.841582
0.842675
0.843792
0.844929
0.846087
0.847264
0.84846
0.849672
0.8509
0.852141
0.853393
0.854657
0.855928
0.857205
0.858487
0.859771
0.861056
0.862339
0.863619
0.864892
0.866158
0.867412
0.868654
0.869879
0.871086
0.872272
0.873436
0.874575
0.875687
0.87677
0.877822
0.87884
0.879823
0.880769
0.881674
0.882538
0.883358
0.884133
0.884861
0.885541
0.886171
0.88675
0.887276
0.887748
0.888168
0.888534
0.888845
0.8891
0.8893
0.889442
0.889529
0.88956
0.889533
0.88945
0.889311
0.889118
0.888871
0.888573
0.888222
0.887822
0.887375
0.88688
0.88634
0.885756
0.885132
0.884469
0.883769
0.883036
0.882271
0.881477
0.880657
0.879815
0.878952
0.878073
0.877183
0.876284
0.875378
0.87447
0.873563
0.87266
0.871766
0.870883
0.870014
0.869163
0.868334
0.867529
0.866752
0.866007
0.865295
0.86462
0.863985
0.863393
0.862847
0.862348
0.861898
0.861502
0.861159
0.860871
0.86064
0.860466
0.86035
0.860295
0.860299
0.860362
0.860486
0.860669
0.860912
0.861214
0.861575
0.861994
0.862471
0.863004
0.863593
0.864236
0.864929
0.865673
0.866464
0.867301
0.868181
0.869103
0.870063
0.87106
0.872092
0.873156
0.874248
0.875366
0.876507
0.877668
0.878848
0.880044
0.881252
0.88247
0.883694
0.884922
0.886151
0.887378
0.888601
0.889816
0.891022
0.892216
0.893394
0.894556
0.895699
0.896819
0.897915
0.898984
0.900027
0.901039
0.902019
0.902966
0.90388
0.904758
0.905599
0.9064
0.907162
0.907884
0.908564
0.909202
0.909798
0.910351
0.910861
0.911327
0.911751
0.912132
0.91247
0.912765
0.913018
0.91323
0.913401
0.913532
0.913624
0.913678
0.913695
0.913676
0.913622
0.913534
0.913415
0.913265
0.913086
0.912879
0.912644
0.912385
0.912103
0.911797
0.911471
0.911125
0.910761
0.910381
0.909986
0.909576
0.909153
0.908719
0.908275
0.907821
0.907359
0.906892
0.906418
0.90594
0.905457
0.904971
0.904483
0.903993
0.903503
0.903012
0.90252
0.90203
0.901539
0.90105
0.900562
0.900074
0.899589
0.899105
0.898623
0.898143
0.897664
0.897186
0.896707
0.896227
0.895747
0.895264
0.89478
0.894292
0.893801
0.893305
0.892803
0.892294
0.891777
0.891252
0.890718
0.890173
0.889616
0.889046
0.888462
0.887863
0.887246
0.886611
0.885957
0.885282
0.884587
0.883868
0.883126
0.88236
0.881568
0.880751
0.879908
0.879037
0.878138
0.877209
0.87625
0.875262
0.874243
0.873193
0.872111
0.870998
0.869854
0.868678
0.867471
0.866232
0.864963
0.863663
0.862333
0.860973
0.859585
0.85817
0.856728
0.855261
0.853771
0.852259
0.850725
0.849172
0.847599
0.84601
0.844406
0.84279
0.841165
0.839532
0.837893
0.83625
0.834606
0.832963
0.831323
0.829691
0.828069
0.82646
0.824865
0.823288
0.821732
0.820199
0.818695
0.817221
0.815781
0.814378
0.813013
0.81169
0.810411
0.809178
0.807996
0.806866
0.805791
0.804773
0.803815
0.802918
0.802085
0.801316
0.800613
0.799978
0.799415
0.798923
0.798501
0.798152
0.797874
0.79767
0.797538
0.797478
0.797489
0.797571
0.797723
0.797944
0.798231
0.798583
0.798997
0.799472
0.800006
0.800596
0.801242
0.801938
0.802682
0.803469
0.804296
0.805159
0.806055
0.80698
0.807931
0.808901
0.809889
0.810889
0.811897
0.812908
0.813918
0.814922
0.815915
0.816894
0.817855
0.818792
0.819704
0.820584
0.82143
0.822238
0.823005
0.823725
0.824397
0.825016
0.82558
0.826087
0.826535
0.82692
0.827242
0.827498
0.827687
0.827808
0.82786
0.827843
0.827755
0.827598
0.827373
0.827078
0.826716
0.826287
0.825794
0.825236
0.824618
0.823941
0.823208
0.822422
0.821587
0.820705
0.819781
0.818818
0.817821
0.816795
0.815742
0.814668
0.813577
0.812474
0.811364
0.810251
0.80914
0.808035
0.806941
0.805862
0.804803
0.803766
0.802755
0.801774
0.800826
0.799914
0.799039
0.798203
0.797409
0.79666
0.795955
0.795295
0.794679
0.794107
0.793578
0.793091
0.792645
0.792238
0.791868
0.791533
0.791228
0.790953
0.790703
0.790476
0.790268
0.790076
0.789897
0.789727
0.789562
0.7894
0.789237
0.78907
0.788897
0.788715
0.78852
0.78831
0.788082
0.787835
0.787565
0.787273
0.786956
0.786613
0.786244
0.785849
0.785427
0.784976
0.784499
0.783995
0.783464
0.782907
0.782325
0.781719
0.781089
0.780438
0.779768
0.779079
0.778375
0.777657
0.776927
0.776187
0.77544
0.774688
0.773934
0.773181
0.77243
0.771683
0.770942
0.77021
0.769489
0.768781
0.76809
0.767417
0.766767
0.766139
0.765536
0.76496
0.764412
0.763895
0.763409
0.762958
0.762541
0.76216
0.761817
0.761512
0.761246
0.76102
0.760835
0.760692
0.76059
0.76053
0.760513
0.760539
0.760609
0.760722
0.760878
0.761077
0.761317
0.761599
0.761922
0.762285
0.762688
0.763129
0.763609
0.764125
0.764679
0.76527
0.765895
0.766554
0.767245
0.767969
0.768723
0.769508
0.77032
0.771159
0.772023
0.772912
0.773824
0.774758
0.775713
0.776687
0.777679
0.778687
0.77971
0.780747
0.781796
0.782857
0.783928
0.785006
0.786091
0.787181
0.788275
0.789372
0.79047
0.791569
0.792667
0.793763
0.794856
0.795945
0.797029
0.798107
0.799177
0.80024
0.801293
0.802336
0.803368
0.804389
0.805395
0.806388
0.807367
0.808331
0.80928
0.810214
0.811131
0.812031
0.812914
0.813779
0.814623
0.815447
0.816248
0.817028
0.817785
0.81852
0.819231
0.819919
0.820583
0.821223
0.821839
0.822431
0.822999
0.823541
0.824058
0.824549
0.825014
0.825453
0.825865
0.826253
0.826614
0.82695
0.827259
0.827542
0.8278
0.828032
0.828239
0.828421
0.828578
0.828712
0.828822
0.828907
0.828969
0.829006
0.829021
0.829014
0.828983
0.828931
0.828858
0.828763
0.82865
0.828517
0.828365
0.828196
0.828011
0.827808
0.827591
0.827359
0.827113
0.826855
0.826586
0.826307
0.826018
0.825721
0.825416
0.825106
0.824789
0.824469
0.824146
0.823821
0.823495
0.823169
0.822844
0.82252
0.8222
0.821883
0.821573
0.821269
0.820973
0.820684
0.820403
0.820133
0.819873
0.819625
0.81939
0.819167
0.818959
0.818766
0.818589
0.818428
0.818285
0.81816
0.818053
0.817966
0.8179
0.817855
0.817832
0.817833
0.817856
0.817903
0.817974
0.81807
0.818192
0.81834
0.818516
0.818718
0.81895
0.81921
0.8195
0.819819
0.820169
0.82055
0.820963
0.821408
0.821885
0.822395
0.82294
0.823521
0.824135
0.824785
0.82547
0.82619
0.826947
0.827739
0.828567
0.829431
0.830332
0.831269
0.832243
0.833254
0.834301
0.835384
0.836504
0.837661
0.838854
0.840083
0.841346
0.842643
0.843972
0.845333
0.846727
0.848151
0.849605
0.851088
0.852599
0.854138
0.855703
0.857293
0.858908
0.860547
0.862206
0.863885
0.865584
0.8673
0.869032
0.870778
0.872536
0.874306
0.876086
0.877874
0.879668
0.881468
0.88327
0.885075
0.88688
0.888682
0.890481
0.892275
0.894061
0.895836
0.897599
0.899349
0.901083
0.9028
0.904498
0.906175
0.907829
0.909457
0.911057
0.912628
0.914167
0.915674
0.917145
0.918578
0.919973
0.921326
0.922635
0.9239
0.925117
0.926286
0.927405
0.928471
0.929483
0.930439
0.931336
0.932172
0.932948
0.93366
0.934308
0.934892
0.935407
0.935852
0.936227
0.936532
0.936764
0.936923
0.937007
0.937014
0.936943
0.936794
0.936567
0.936261
0.935878
0.935414
0.93487
0.934246
0.933542
0.932758
0.931892
0.930946
0.92992
0.928815
0.92763
0.926365
0.925022
0.923603
0.922107
0.920535
0.918889
0.917171
0.915379
0.913517
0.911586
0.909588
0.907524
0.905397
0.903209
0.90096
0.898652
0.896288
0.89387
0.8914
0.88888
0.886313
0.8837
0.881045
0.87835
0.875618
0.872851
0.870054
0.867229
0.864378
0.861505
0.858614
0.855705
0.852783
0.849849
0.846908
0.843961
0.841012
0.838066
0.835124
0.832189
0.829266
0.826357
0.823466
0.820595
0.817746
0.814923
0.812128
0.809365
0.806636
0.803945
0.801294
0.798685
0.796122
0.793607
0.791143
0.788731
0.786373
0.784072
0.78183
0.779649
0.77753
0.775476
0.773488
0.771568
0.769716
0.767935
0.766226
0.76459
0.763028
0.76154
0.760128
0.758791
0.757532
0.75635
0.755246
0.754221
0.753273
0.752403
0.75161
0.750894
0.750254
0.74969
0.749202
0.748788
0.748449
0.748183
0.747989
0.747866
0.747813
0.74783
0.747915
0.748065
0.748282
0.748562
0.748905
0.749308
0.749772
0.750292
0.750869
0.751502
0.752189
0.752929
0.753718
0.754557
0.755444
0.756377
0.757355
0.758378
0.759443
0.760548
0.761693
0.762877
0.764096
0.765351
0.766641
0.767963
0.769318
0.770705
0.772122
0.773568
0.775043
0.776546
0.778076
0.779631
0.781213
0.782819
0.784449
0.786102
0.787778
0.789475
0.791194
0.792933
0.794692
0.79647
0.798266
0.80008
0.801911
0.803759
0.805621
0.807497
0.809388
0.811292
0.813208
0.815135
0.817072
0.819018
0.820972
0.822932
0.824898
0.826869
0.828842
0.830818
0.832794
0.83477
0.836743
0.838712
0.840675
0.842631
0.844578
0.846516
0.848441
0.850354
0.852252
0.854134
0.855998
0.857843
0.859666
0.861465
0.863239
0.864986
0.866707
0.868399
0.870061
0.87169
0.873285
0.874844
0.876366
0.87785
0.879294
0.880698
0.882061
0.883381
0.884657
0.885889
0.887075
0.888215
0.889307
0.890352
0.891349
0.892296
0.893195
0.894044
0.894844
0.895594
0.896293
0.896943
0.897541
0.898089
0.898586
0.899032
0.899428
0.899773
0.900067
0.900311
0.900505
0.90065
0.900746
0.900794
0.900793
0.900744
0.900648
0.900506
0.900317
0.900084
0.899806
0.899487
0.899126
0.898723
0.89828
0.897797
0.897276
0.896719
0.896125
0.895496
0.894833
0.894137
0.89341
0.892652
0.891864
0.891046
0.8902
0.889327
0.888428
0.887505
0.886558
0.885589
0.884599
0.88359
0.882562
0.881518
0.880458
0.879382
0.878292
0.877189
0.876075
0.874951
0.873819
0.872677
0.871527
0.870373
0.869213
0.86805
0.866884
0.865717
0.86455
0.863384
0.86222
0.86106
0.859905
0.858757
0.857615
0.856481
0.855357
0.854244
0.853143
0.852055
0.85098
0.84992
0.848876
0.84785
0.846841
0.84585
0.844879
0.843927
0.842995
0.842083
0.841194
0.840326
0.839481
0.83866
0.837864
0.837093
0.836346
0.835621
0.834919
0.834239
0.833582
0.832949
0.832337
0.831746
0.831176
0.830627
0.830097
0.829586
0.829092
0.828615
0.828154
0.827707
0.827274
0.826853
0.826442
0.82604
0.825646
0.825259
0.824877
0.824499
0.824124
0.823748
0.823371
0.822993
0.822612
0.822225
0.821832
0.82143
0.82102
0.820599
0.820167
0.819722
0.819264
0.818791
0.818302
0.817796
0.817271
0.816729
0.816167
0.815586
0.814985
0.814364
0.813723
0.813062
0.812382
0.811682
0.810963
0.810226
0.809471
0.808699
0.807912
0.80711
0.806294
0.805467
0.804627
0.803779
0.802922
0.802057
0.801188
0.800314
0.799438
0.798561
0.797687
0.796815
0.795949
0.795091
0.794243
0.793406
0.792582
0.791773
0.790982
0.790209
0.789458
0.788728
0.788022
0.787341
0.786686
0.786059
0.785461
0.784892
0.784356
0.783851
0.78338
0.782943
0.782541
0.782176
0.781846
0.781553
0.781296
0.781076
0.780893
0.780746
0.780635
0.78056
0.780521
0.780517
0.780547
0.780611
0.780707
0.780835
0.780993
0.78118
0.781395
0.781638
0.781909
0.782207
0.782528
0.782873
0.78324
0.783627
0.784035
0.784462
0.784908
0.785371
0.785849
0.786341
0.786849
0.78737
0.787902
0.788446
0.789002
0.789568
0.790143
0.790726
0.791318
0.791919
0.792528
0.793146
0.793773
0.794407
0.795048
0.795697
0.796354
0.797018
0.797691
0.798371
0.799059
0.799755
0.800458
0.801171
0.801893
0.802624
0.803365
0.804114
0.804871
0.805638
0.806414
0.807199
0.807994
0.808799
0.809614
0.810439
0.811272
0.812115
0.812967
0.813828
0.814698
0.815575
0.81646
0.817353
0.818255
0.819164
0.820079
0.820999
0.821926
0.822857
0.823793
0.824734
0.825678
0.826626
0.827575
0.828527
0.82948
0.830434
0.831387
0.83234
0.833292
0.834242
0.835189
0.836133
0.837072
0.838006
0.838934
0.839856
0.840771
0.841678
0.842576
0.843466
0.844348
0.845221
0.846083
0.846935
0.847776
0.848604
0.849419
0.850221
0.851009
0.851783
0.85254
0.853282
0.854006
0.854714
0.855404
0.856076
0.85673
0.857364
0.857979
0.858574
0.859149
0.859705
0.86024
0.860754
0.861248
0.861721
0.862174
0.862606
0.863016
0.863405
0.863773
0.864118
0.864442
0.864745
0.865027
0.865288
0.865528
0.865748
0.865947
0.866125
0.866282
0.86642
0.866538
0.866635
0.866714
0.866773
0.866814
0.866835
0.866838
0.866823
0.866791
0.866741
0.866674
0.86659
0.866489
0.866372
0.866239
0.86609
0.865924
0.865743
0.865547
0.865334
0.865106
0.864863
0.864605
0.864331
0.864041
0.863734
0.86341
0.86307
0.862713
0.86234
0.861948
0.861538
0.86111
0.860664
0.860198
0.859714
0.859212
0.85869
0.858147
0.857584
0.856998
0.856391
0.855762
0.85511
0.854435
0.853736
0.853013
0.852266
0.851495
0.850699
0.849876
0.849028
0.848153
0.847251
0.846323
0.845368
0.844386
0.843379
0.842346
0.841288
0.840206
0.839099
0.837968
0.836813
0.835635
0.834436
0.833216
0.831977
0.830719
0.829445
0.828154
0.82685
0.825535
0.82421
0.822875
0.821532
0.820184
0.818832
0.817479
0.816126
0.814776
0.813432
0.812094
0.810765
0.809449
0.808146
0.806861
0.805594
0.804349
0.803127
0.801932
0.800766
0.79963
0.798528
0.797461
0.796432
0.795443
0.794495
0.793592
0.792734
0.791924
0.791162
0.790451
0.789793
0.789189
0.78864
0.788147
0.787712
0.787336
0.78702
0.786764
0.78657
0.786438
0.78637
0.786365
0.786423
0.786546
0.786732
0.786983
0.787297
0.787675
0.788117
0.788623
0.789192
0.789824
0.790519
0.791274
0.792091
0.792966
0.7939
0.794892
0.795939
0.79704
0.798195
0.799401
0.800657
0.80196
0.803309
0.804702
0.806138
0.807615
0.809129
0.810678
0.81226
0.813871
0.815511
0.817176
0.818864
0.820573
0.8223
0.824043
0.825798
0.827564
0.829337
0.831114
0.832892
0.83467
0.836445
0.838214
0.839974
0.841724
0.84346
0.845181
0.846886
0.848572
0.850235
0.851876
0.853491
0.855077
0.856634
0.858158
0.859649
0.861105
0.862524
0.863905
0.865245
0.866543
0.867799
0.869011
0.870178
0.871301
0.872378
0.873408
0.874389
0.875321
0.876203
0.877035
0.877816
0.878544
0.87922
0.879844
0.880414
0.880931
0.881392
0.8818
