0.491698   -0.49947   0.494097
-0.326014   -0.340586   -0.496044
-0.487621   -0.325375   -0.346463
-0.337649   -0.496166   -0.334214
-0.154652   0.491596   0.486161
0.00448887   -0.337781   0.471047
-0.171641   -0.34284   -0.316906
-0.0183617   0.487024   -0.327573
0.179889   -0.493272   0.479079
0.333817   -0.339949   0.489873
0.145239   -0.356812   -0.333642
0.337454   0.476779   -0.32267
-0.488499   -0.146723   0.498418
-0.314111   0.0201848   0.486366
0.486249   -0.0039672   -0.32511
-0.34476   -0.161049   -0.32982
-0.157616   -0.13986   0.482998
-6.49801e-05   0.00436172   0.487951
-0.168218   -0.00388489   -0.34013
-0.0285411   -0.179494   -0.354355
0.157203   -0.182437   -0.499343
0.326848   -0.017449   0.491983
0.163439   0.0112035   -0.339341
0.316028   -0.174625   -0.328113
0.469294   0.161152   -0.481718
-0.346239   0.328505   -0.498139
0.492473   0.321247   -0.32648
-0.314536   0.162171   -0.343578
-0.140955   0.163173   -0.485707
0.021795   0.342016   0.494184
-0.170012   0.329571   -0.342061
-0.0057905   0.168094   -0.32307
0.16502   0.176129   -0.494859
0.322932   0.337968   -0.492739
0.16248   0.34599   -0.339421
0.33152   0.183784   -0.333591
-0.498715   -0.492038   -0.159927
-0.347022   -0.325968   -0.155335
-0.498015   -0.311042   -0.0133953
-0.343992   -0.493478   -0.00521618
-0.177178   0.492234   -0.163452
-0.011884   -0.339883   -0.175597
-0.165387   -0.317459   -0.0121255
-0.00392851   0.482221   -0.0103138
0.163997   0.495417   -0.150618
0.326173   -0.352002   -0.151766
0.149946   -0.333853   -0.0137671
0.344935   -0.489439   0.00203395
0.486988   -0.168932   -0.175778
-0.340125   -0.00845566   -0.176495
0.485333   -0.0322339   -0.00435106
-0.333896   -0.174824   -0.000973945
-0.176745   -0.155272   -0.175418
-0.00294578   0.0136088   -0.172335
-0.171583   -0.00536434   0.0206752
-0.00205174   -0.145419   -0.00310518
0.145299   -0.162944   -0.193711
0.336957   0.0127305   -0.173758
0.164494   0.00490733   -0.0189308
0.308036   -0.172271   -0.0231619
-0.490807   0.163841   -0.157465
-0.341326   0.309631   -0.173771
0.498303   0.351323   -0.00246072
-0.342154   0.155083   0.0100063
-0.173255   0.149296   -0.156783
-0.0160336   0.306172   -0.157418
-0.173362   0.325012   -0.00223705
0.00794767   0.144516   -0.0208014
0.172313   0.172463   -0.171929
0.3306   0.341705   -0.143609
0.156711   0.323257   -0.0210727
0.342614   0.152466   -0.0109672
0.496034   -0.475857   0.158456
-0.321993   -0.327025   0.181595
-0.477322   -0.324521   0.331825
-0.333025   0.487321   0.345818
-0.178503   -0.486322   0.137564
-0.00682342   -0.337815   0.151523
-0.147715   -0.334432   0.318843
0.0183991   -0.489066   0.310886
0.171739   -0.498951   0.140222
0.321821   -0.326329   0.162268
0.17009   -0.337005   0.326175
0.337617   -0.489489   0.328491
0.48849   -0.166976   0.169656
-0.346735   0.00297646   0.173783
0.484115   -0.00330105   0.343859
-0.320807   -0.170181   0.322296
-0.152678   -0.16947   0.148915
0.0129725   0.0109412   0.167878
-0.164557   0.0215348   0.333397
0.00681897   -0.157417   0.318225
0.163686   -0.172572   0.165162
0.32652   -0.00360862   0.148392
0.167947   0.0156679   0.327893
0.350127   -0.179157   0.34659
0.495302   0.174717   0.164074
-0.343062   0.338859   0.159132
-0.495055   0.324638   0.341029
-0.318476   0.184076   0.33759
-0.161261   0.164286   0.167323
-0.0120702   0.34128   0.163704
-0.164201   0.341242   0.337555
0.00937281   0.162862   0.3326
0.163711   0.164808   0.150968
0.308835   0.331625   0.144644
0.150551   0.328927   0.323701
0.338104   0.153233   0.327624
