           0           0           0
   0.0230664           0           0
   0.0461329           0           0
   0.0691993           0           0
   0.0922657           0           0
    0.115332           0           0
    0.138399           0           0
    0.161465           0           0
    0.184531           0           0
    0.207598           0           0
    0.230664           0           0
    0.253731           0           0
    0.276797           0           0
    0.299864           0           0
     0.32293           0           0
    0.345996           0           0
    0.369063           0           0
    0.392129           0           0
    0.415196           0           0
    0.438262           0           0
    0.461329           0           0
    0.484395           0           0
    0.507461           0           0
    0.530528           0           0
    0.553594           0           0
    0.576661           0           0
    0.599727           0           0
    0.622794           0           0
     0.64586           0           0
    0.668926           0           0
    0.691993           0           0
    0.715059           0           0
    0.738126           0           0
    0.761192           0           0
    0.784259 0.000165069 0.000165069
    0.807325  0.00683367  0.00165045
    0.830391   0.0738201  0.00345632
    0.853458     0.41956  0.00913172
    0.876524     1.33987   0.0169996
    0.899591     2.86675   0.0316819
    0.922657     4.39373   0.0328294
    0.945724     5.45722   0.0372159
     0.96879       5.628    0.020673
    0.991856     5.16416   0.0229763
     1.01492      4.2444   0.0284404
     1.03799     3.22036   0.0255556
     1.06106     2.18699   0.0189957
     1.08412     1.39842   0.0172924
     1.10719    0.795746   0.0118995
     1.13026    0.437208   0.0109141
     1.15332    0.232523   0.0071946
     1.17639       0.127   0.0075259
     1.19945   0.0726799  0.00318519
     1.22252   0.0641687  0.00449185
     1.24559   0.0890269  0.00508067
     1.26865    0.135145  0.00728162
     1.29172    0.237309   0.0115125
     1.31479    0.374368  0.00825782
     1.33785    0.539545  0.00886751
     1.36092    0.701409   0.0105064
     1.38399    0.869724   0.0100874
     1.40705     1.02005   0.0154173
     1.43012     1.05076   0.0164913
     1.45319     1.00234   0.0140768
     1.47625    0.880794  0.00792489
     1.49932    0.707008   0.0107081
     1.52238    0.532878   0.0038181
     1.54545    0.379803  0.00694337
     1.56852    0.277719   0.0077404
     1.59158    0.253226  0.00935119
     1.61465    0.326039    0.011805
     1.63772    0.524533  0.00952339
     1.66078    0.882456   0.0114407
     1.68385     1.36268  0.00932752
     1.70692     1.89854   0.0140585
     1.72998      2.4378   0.0095079
     1.75305     2.80875   0.0118328
     1.77612     2.94069    0.023478
     1.79918     2.75621   0.0135496
     1.82225     2.36427   0.0218615
     1.84531     1.83183    0.015875
     1.86838     1.34345  0.00889819
     1.89145    0.930034   0.0098043
     1.91451    0.651478  0.00714079
     1.93758     0.51648   0.0101944
     1.96065    0.540967   0.0156959
     1.98371    0.667877  0.00919149
     2.00678    0.821283  0.00973051
     2.02985      0.9799  0.00638314
     2.05291     1.06393    0.011351
     2.07598      1.0644   0.0113866
     2.09905     1.00082  0.00912719
     2.12211    0.861947  0.00342425
     2.14518    0.742874  0.00532706
     2.16824    0.661859    0.011089
     2.19131    0.669753   0.0109284
     2.21438    0.780185   0.0119306
     2.23744    0.956445   0.0103844
     2.26051     1.17963  0.00720716
     2.28358     1.36277  0.00969978
