           0           0           0
   0.0230664           0           0
   0.0461329           0           0
   0.0691993           0           0
   0.0922657           0           0
    0.115332           0           0
    0.138399           0           0
    0.161465           0           0
    0.184531           0           0
    0.207598           0           0
    0.230664           0           0
    0.253731           0           0
    0.276797           0           0
    0.299864           0           0
     0.32293           0           0
    0.345996           0           0
    0.369063           0           0
    0.392129           0           0
    0.415196           0           0
    0.438262           0           0
    0.461329           0           0
    0.484395           0           0
    0.507461           0           0
    0.530528           0           0
    0.553594           0           0
    0.576661           0           0
    0.599727           0           0
    0.622794           0           0
     0.64586           0           0
    0.668926           0           0
    0.691993           0           0
    0.715059           0           0
    0.738126           0           0
    0.761192           0           0
    0.784259           0           0
    0.807325  0.00382824 0.000926184
    0.830391   0.0426698  0.00434915
    0.853458    0.305272  0.00454239
    0.876524     1.14007   0.0149534
    0.899591     2.62761   0.0309354
    0.922657     4.41615   0.0254457
    0.945724     5.57969   0.0365626
     0.96879     6.01334   0.0307637
    0.991856     5.44394   0.0213896
     1.01492      4.4049   0.0265979
     1.03799     3.22359   0.0307768
     1.06106     2.14807   0.0211011
     1.08412     1.28336   0.0145321
     1.10719    0.733689   0.0110544
     1.13026    0.392392  0.00807856
     1.15332    0.188342  0.00697307
     1.17639   0.0866542  0.00543041
     1.19945   0.0403636   0.0033736
     1.22252   0.0362756   0.0036844
     1.24559   0.0530229  0.00453507
     1.26865    0.100363  0.00365063
     1.29172    0.185084  0.00689178
     1.31479    0.320044  0.00825429
     1.33785    0.530837  0.00598519
     1.36092    0.722289   0.0054235
     1.38399    0.917759  0.00569247
     1.40705     1.06894  0.00964184
     1.43012     1.14686   0.0128625
     1.45319      1.0808   0.0110218
     1.47625    0.952319   0.0128184
     1.49932    0.712867   0.0107226
     1.52238    0.513012   0.0124679
     1.54545    0.334808  0.00708168
     1.56852    0.221242  0.00615314
     1.59158    0.176352  0.00518731
     1.61465    0.246627  0.00668666
     1.63772     0.43007  0.00944472
     1.66078    0.788685   0.0137781
     1.68385     1.29072  0.00821988
     1.70692     1.90413    0.011712
     1.72998       2.542   0.0151266
     1.75305     2.96714   0.0171359
     1.77612     3.07579   0.0253089
     1.79918     2.92136   0.0194006
     1.82225     2.45446    0.013642
     1.84531     1.86433   0.0161115
     1.86838     1.31107   0.0103198
     1.89145    0.830946  0.00838406
     1.91451    0.540462   0.0109294
     1.93758    0.426497   0.0119219
     1.96065    0.462056   0.0122387
     1.98371    0.607327   0.0102348
     2.00678    0.841697   0.0097878
     2.02985     1.02661   0.0100223
     2.05291     1.11538   0.0116468
     2.07598     1.13433   0.0144535
     2.09905     1.03537   0.0122854
     2.12211    0.871189  0.00564356
     2.14518    0.708428  0.00615786
     2.16824    0.578069   0.0097492
     2.19131    0.573494   0.0128867
     2.21438    0.684029   0.0100513
     2.23744    0.914895  0.00889545
     2.26051     1.19162  0.00596518
     2.28358     1.44606   0.0115897
