0 3.13316 0
10000 3.12827 0.00489301
20000 3.12286 0.00610407
30000 3.13959 0.017282
40000 3.14794 0.015777
50000 3.14317 0.0137369
60000 3.14778 0.0124919
70000 3.14698 0.010848
80000 3.14113 0.0112108
90000 3.14322 0.0102432
100000 3.13966 0.00992839
110000 3.1409 0.00914819
120000 3.14336 0.00876826
130000 3.14686 0.00883948
140000 3.14524 0.00838707
150000 3.1397 0.00960627
160000 3.14375 0.00989091
170000 3.14472 0.00937563
180000 3.14568 0.00891986
190000 3.14587 0.00846441
200000 3.14672 0.008096
210000 3.14637 0.00772743
220000 3.14263 0.00827507
230000 3.14306 0.00793436
240000 3.14561 0.00802662
250000 3.14392 0.00789551
260000 3.14634 0.00797534
270000 3.14838 0.00795095
280000 3.1492 0.00771531
290000 3.14823 0.00751643
300000 3.1496 0.00739753
310000 3.14815 0.00730803
320000 3.14657 0.00725741
330000 3.14529 0.00715542
340000 3.14527 0.00694799
350000 3.14609 0.00680122
360000 3.14845 0.00702526
370000 3.14818 0.00684334
380000 3.14929 0.00675743
390000 3.14924 0.00658655
400000 3.14965 0.00643725
410000 3.14989 0.00628654
420000 3.14935 0.00616238
430000 3.14781 0.00621409
440000 3.14785 0.00607456
450000 3.14719 0.00597709
460000 3.14681 0.00586123
470000 3.14645 0.00574863
480000 3.14652 0.00563046
490000 3.14567 0.00558191
500000 3.14468 0.00556021
510000 3.14561 0.00553147
520000 3.14495 0.00546657
530000 3.14483 0.00536555
540000 3.14489 0.0052674
550000 3.14518 0.0051807
560000 3.14634 0.00521886
570000 3.14585 0.00515183
580000 3.14619 0.00507552
590000 3.14603 0.00499286
600000 3.14595 0.00491093
610000 3.14573 0.00483605
620000 3.14518 0.00479009
630000 3.14448 0.00476728
640000 3.14356 0.00478223
650000 3.14342 0.00471145
660000 3.14312 0.00465023
670000 3.14348 0.0045958
680000 3.14303 0.00455158
690000 3.14355 0.0045165
700000 3.14336 0.00445659
710000 3.14408 0.00445407
720000 3.14341 0.00444343
730000 3.14343 0.00438301
740000 3.1436 0.00432754
750000 3.14375 0.00427266
760000 3.14428 0.00425024
770000 3.1444 0.00419715
780000 3.14368 0.00420643
790000 3.1438 0.00415542
800000 3.14467 0.00419578
810000 3.14391 0.00421494
820000 3.14356 0.00417812
830000 3.14314 0.00414973
840000 3.14246 0.00415606
850000 3.14202 0.00413075
860000 3.14202 0.004083
870000 3.14233 0.00404846
880000 3.1429 0.0040433
890000 3.14266 0.00400556
900000 3.14337 0.00402527
910000 3.14342 0.00398159
920000 3.14334 0.00393944
930000 3.14341 0.00389803
940000 3.14359 0.00386092
950000 3.14357 0.00382056
960000 3.14314 0.00380474
970000 3.14318 0.00376585
980000 3.14326 0.00372851
990000 3.14293 0.00370562
